layers/rainfall.tif
NCOLS 300
NROWS 300
XLLCORNER 108.422
YLLCORNER 2.17447
DX 0.11742
DY 0.06627
NODATA_VALUE -9999
[rows 182 to 207 of 300, columns 120 to 179 of 300]
291.06354 292.43233 293.74476 294.86857 295.63469 295.90278 295.71585 295.48932 295.93639 297.20172 297.01004 290.08864 275.23068 260.64082 251.07912 243.87394 235.77613 226.37617 218.19077 214.00607 214.22164 217.33168 221.67688 226.21069 230.44141 234.19799 237.46067 240.27042 242.68671 244.76953 246.57272 248.14214 249.51601 250.72573 251.79708 252.75115 253.6053 254.37382 255.06854 255.69933 256.27442 256.80075 257.28419 257.72971 258.14159 258.52346 258.8785 259.20942 259.5186 259.80814 260.07984 260.33531 260.57598 260.80309 261.01778 261.22104 261.41378 261.59678 261.77078 261.93643
293.08 294.898 296.77446 298.59083 300.18496 301.43876 302.52538 304.29753 308.39019 316.05947 324.87805 325.56309 310.55611 288.3672 269.80277 255.75603 243.56169 232.26459 223.33581 218.60797 218.16711 220.6063 224.37577 228.4536 232.33043 235.81021 238.85261 241.48384 243.75314 245.71331 247.41305 248.89445 250.19284 251.33742 252.35221 253.25692 254.06776 254.79812 255.45908 256.05985 256.60818 257.11054 257.57245 257.99858 258.39291 258.75888 259.09945 259.41718 259.71431 259.9928 260.25435 260.50049 260.73254 260.95169 261.15901 261.35543 261.5418 261.71889 261.88737 262.04787
294.95774 297.20666 299.62814 302.11051 304.47424 306.56461 308.58618 311.73882 318.57113 331.41367 347.42752 353.76232 338.73621 311.39126 286.32286 267.08872 251.76434 239.06472 229.5674 224.27762 223.04891 224.63764 227.65595 231.13251 234.54461 237.66608 240.42897 242.83861 244.92932 246.74345 248.32219 249.70225 250.91492 251.98641 252.93839 253.78877 254.55234 255.24131 255.86587 256.43447 256.95422 257.43112 257.87023 258.27588 258.65175 259.00102 259.32645 259.6304 259.91496 260.18195 260.43296 260.66941 260.89253 261.10345 261.30314 261.4925 261.67232 261.8433 262.0061 262.1613
296.66147 299.31304 302.2506 305.36532 308.43829 311.2117 313.78809 317.56029 325.9308 342.22245 362.89428 372.38789 357.61697 328.06776 299.52817 277.13452 259.81699 246.24551 236.36861 230.56479 228.52904 229.19894 231.37371 234.15732 237.02647 239.72777 242.16395 244.31648 246.20198 247.84999 249.29253 250.5596 251.67756 252.66892 253.55256 254.3442 255.05693 255.70165 256.28744 256.82192 257.31149 257.76156 258.17673 258.56092 258.9175 259.24937 259.55903 259.84867 260.12019 260.37527 260.61538 260.84181 261.05573 261.25815 261.45 261.63209 261.80516 261.96988 262.12685 262.27661
298.15706 301.17259 304.58742 308.29702 312.03039 315.36671 318.15375 321.75877 330.31315 348.03939 370.56339 380.91225 366.91881 337.95687 308.84974 285.32594 267.17319 253.27371 243.23709 237.0335 234.26718 234.0489 235.36807 237.42316 239.70747 241.94961 244.02631 245.89548 247.55522 249.02119 250.31517 251.45963 252.47537 253.38069 254.19126 254.92039 255.57924 256.17721 256.7222 257.22086 257.67883 258.10089 258.49111 258.85299 259.18955 259.50337 259.79672 260.07156 260.32963 260.57243 260.8013 261.01744 261.22189 261.41559 261.59938 261.77402 261.94019 262.09849 262.24949 262.39369
299.41221 302.74159 306.58329 310.84548 315.20774 319.04922 321.81878 324.58968 331.99741 349.05397 370.7856 380.41329 367.93795 341.72354 314.33287 291.3911 273.43557 259.72351 249.76936 243.32747 239.97088 238.96613 239.48192 240.82245 242.51467 244.2818 245.98146 247.55111 248.9713 250.2439 251.3802 252.39476 253.30243 254.11701 254.85075 255.5143 256.11677 256.66594 257.16842 257.62985 258.05503 258.44806 258.81248 259.15132 259.46722 259.76245 260.03901 260.29864 260.54288 260.77308 260.99044 261.19602 261.39077 261.57555 261.7511 261.91813 262.07723 262.22899 262.37389 262.51241
300.39741 303.97767 308.18058 312.94145 317.9109 322.26744 324.96273 326.50933 331.71544 346.22155 365.10507 373.28442 362.98286 340.76963 316.52171 295.36826 278.4093 265.32403 255.69177 249.19364 245.41811 243.76914 243.57688 244.25466 245.37676 246.67401 247.99367 249.25764 250.43141 251.50415 252.47705 253.35685 254.15241 254.8729 255.52704 256.12271 256.66689 257.16567 257.62432 258.04738 258.43881 258.80201 259.13993 259.45512 259.74983 260.02601 260.28538 260.52945 260.75955 260.97687 261.18247 261.37727 261.56213 261.7378 261.90496 262.06422 262.21613 262.36122 262.49992 262.63266
301.08722 304.84108 309.31917 314.50114 320.04303 324.96099 327.68752 327.99286 330.48962 341.19776 356.03828 362.56018 354.6325 336.73881 316.22123 297.52335 282.08379 269.95474 260.85429 254.47768 250.45916 248.32313 247.54113 247.63277 248.22863 249.07843 250.02796 250.98938 251.91649 252.78761 253.59483 254.33753 255.01876 255.64318 256.21598 256.74229 257.22689 257.67417 258.08802 258.4719 258.82887 259.16162 259.47249 259.76356 260.03668 260.29345 260.5353 260.76352 260.97923 261.18344 261.37706 261.56091 261.73571 261.90212 262.06074 262.21211 262.35672 262.49503 262.62743 262.75431
301.46212 305.29717 309.93911 315.42624 321.4587 326.95535 329.8865 329.24653 329.16835 335.72324 346.17738 350.96149 345.06751 331.09894 314.25975 298.23189 284.57536 273.61164 265.20535 259.10586 255.0071 252.53783 251.29132 250.88641 251.01428 251.45196 252.05171 252.72173 253.40794 254.08016 254.72268 255.32835 255.89486 256.42261 256.91339 257.36962 257.79398 258.18913 258.55762 258.90182 259.22387 259.52574 259.80919 260.07582 260.32704 260.56412 260.78822 261.00037 261.20149 261.39241 261.5739 261.74664 261.91124 262.06827 262.21823 262.36161 262.49882 262.63026 262.75629 262.87723
301.51059 305.32017 309.98665 315.61231 321.97222 327.9603 331.19818 330.01838 327.95383 330.80254 337.19751 340.21097 335.72172 324.92295 311.33432 297.87862 286.06437 276.36555 268.76196 263.06346 259.0239 256.36076 254.77071 253.96248 253.68824 253.7577 254.03582 254.43209 254.8883 255.36824 255.85007 256.32106 256.7742 257.20599 257.61506 258.00132 258.36538 258.70828 259.03123 259.33552 259.62244 259.89323 260.14907 260.39105 260.62018 260.83741 261.0436 261.23952 261.42591 261.60341 261.77265 261.93416 262.08846 262.23601 262.37724 262.51254 262.64227 262.76677 262.88635 263.00128
301.2316 304.89804 309.4236 314.9661 321.38875 327.62676 331.10643 329.71885 326.41941 326.48639 329.5972 330.96956 327.29324 318.86246 307.95222 296.79724 286.74655 278.32556 271.5827 266.3748 262.50663 259.76892 257.94521 256.82392 256.21569 255.96551 255.95542 256.10046 256.34168 256.63933 256.96708 257.30779 257.65048 257.98826 258.31692 258.63404 258.93835 259.22933 259.50694 259.77143 260.02326 260.26296 260.49113 260.70841 260.91539 261.11268 261.30087 261.48049 261.65206 261.81607 261.97297 262.12318 262.26711 262.40511 262.53753 262.66469 262.78689 262.9044 263.01747 263.12635
300.63674 304.03757 308.23875 313.42936 319.55211 325.64203 329.12799 327.746 323.9464 322.31168 323.12998 323.20207 319.9637 313.23552 304.44057 295.24788 286.80355 279.61302 273.74716 269.08749 265.47562 262.76083 260.79889 259.4476 258.57182 258.0521 257.79019 257.7098 257.75414 257.88212 258.06461 258.28122 258.5178 258.76462 259.01504 259.26457 259.51022 259.75007 259.98289 260.20798 260.42498 260.63378 260.83442 261.02706 261.21193 261.38931 261.55949 261.72279 261.87952 262.03 262.17453 262.3134 262.44692 262.57533 262.6989 262.81788 262.9325 263.04298 263.14951 263.2523
299.75176 302.76877 306.45892 311.0046 316.39807 321.82686 324.96991 323.73094 320.09754 317.79996 317.3389 316.59361 313.64749 308.14752 300.98831 293.41926 286.3902 280.34598 275.34214 271.26095 267.96541 265.34983 263.32952 261.8219 260.7407 260.00069 259.52437 259.24626 259.11389 259.08681 259.13458 259.2347 259.3707 259.5306 259.70573 259.88984 260.07846 260.26837 260.45729 260.64365 260.82632 261.00459 261.17797 261.34618 261.50909 261.66666 261.81891 261.96594 262.10786 262.24483 262.37699 262.50453 262.62762 262.74643 262.86114 262.97192 263.07894 263.18235 263.28232 263.379
298.61673 301.14706 304.15684 307.77657 312.00202 316.21448 318.61678 317.61879 314.74345 312.69545 311.865 310.81785 308.17392 303.59514 297.69387 291.44301 285.63287 280.63201 276.45357 272.95904 270.01826 267.55886 265.54486 263.94429 262.71398 261.80035 261.14658 260.6991 260.41138 260.24515 260.17 260.16239 260.2043 260.28212 260.38559 260.50703 260.64067 260.78221 260.92844 261.07698 261.22604 261.37432 261.52086 261.66498 261.80618 261.94413 262.0786 262.20947 262.33667 262.46019 262.58003 262.69627 262.80895 262.91817 263.02402 263.1266 263.22602 263.32237 263.41577 263.50632
297.28467 299.2521 301.45251 303.9225 306.61029 309.10959 310.3891 309.68882 308.06282 307.00577 306.54277 305.64971 303.38557 299.5362 294.60506 289.41107 284.63388 280.56669 277.16283 274.24575 271.6799 269.41668 267.45965 265.81928 264.48954 263.44533 262.64943 262.06061 261.63928 261.35051 261.16506 261.05926 261.01432 261.01555 261.05155 261.1135 261.19463 261.28971 261.39473 261.5066 261.62295 261.74195 261.86222 261.98268 262.10252 262.22112 262.33804 262.45293 262.56554 262.67572 262.78333 262.88832 262.99066 263.09033 263.18735 263.28175 263.37357 263.46287 263.5497 263.63413
295.81815 297.18255 298.50552 299.7035 300.63911 301.11097 300.98863 300.58029 300.52085 300.9652 301.3852 300.98137 299.17396 295.92695 291.7466 287.39138 283.47846 280.23536 277.54589 275.18311 272.99706 270.95536 269.0934 267.45664 266.07034 264.93423 264.02915 263.3259 262.79238 262.39786 262.11513 261.92119 261.79714 261.72775 261.70088 261.70693 261.73833 261.78913 261.85465 261.93121 262.01592 262.10651 262.20118 262.29853 262.39745 262.49708 262.59672 262.69586 262.79408 262.89106 262.98657 263.08042 263.17248 263.26266 263.3509 263.43716 263.52143 263.6037 263.68398 263.7623
294.28439 295.0468 295.49757 295.43265 294.62275 293.0508 291.45986 291.26831 292.81988 294.96616 296.52598 296.79366 295.47881 292.73616 289.13613 285.43987 282.24178 279.71632 277.67404 275.8306 274.01605 272.20863 270.46878 268.87004 267.4633 266.26936 265.28505 264.4926 263.86749 263.38371 263.01675 262.74491 262.54978 262.41605 262.33124 262.28526 262.26999 262.27892 262.30686 262.34963 262.40393 262.46708 262.53695 262.61184 262.69037 262.77143 262.85416 262.93783 263.02189 263.10587 263.18943 263.27227 263.35417 263.43495 263.51448 263.59267 263.66942 263.7447 263.81847 263.8907
292.74932 292.95129 292.60808 291.42295 289.1082 285.81467 282.97219 282.88387 285.76983 289.46211 292.1488 293.11347 292.27151 289.94556 286.79153 283.60826 280.99455 279.08386 277.61502 276.24512 274.78219 273.2109 271.61049 270.076 268.67847 267.45594 266.41909 265.56053 264.86317 264.30597 263.86754 263.52802 263.26992 263.0783 262.94068 262.84673 262.78802 262.75768 262.75011 262.76078 262.78601 262.82282 262.86879 262.92194 262.98067 263.04368 263.10989 263.17843 263.2486 263.31983 263.39162 263.46361 263.53548 263.60698 263.6779 263.74808 263.81739 263.88573 263.95302 264.0192
291.2718 290.98863 289.98856 287.9301 284.52801 280.09138 276.45486 276.37442 280.07447 284.85068 288.42002 289.97436 289.53568 287.5441 284.73233 281.94737 279.80577 278.40974 277.4335 276.48092 275.3394 273.99658 272.5444 271.09298 269.72819 268.5016 267.4354 266.53144 265.77959 265.16383 264.66617 264.26892 263.95589 263.71285 263.5276 263.38987 263.2911 263.22419 263.18332 263.16367 263.1613 263.17297 263.19601 263.22823 263.26783 263.31332 263.36347 263.41727 263.47387 263.5326 263.59286 263.65419 263.71618 263.77853 263.84094 263.90322 263.96517 264.02664 264.08751 264.1477
289.89889 289.22828 287.7433 285.11043 281.10861 276.18749 272.29838 272.18764 276.12309 281.37163 285.4391 287.38911 287.25217 285.52121 282.97725 280.5061 278.74152 277.76178 277.19001 276.58897 275.72963 274.59949 273.29689 271.94066 270.62645 269.41571 268.33983 267.4086 266.61826 265.95763 265.41221 264.96673 264.60658 264.31849 264.09081 263.91351 263.77811 263.67745 263.60556 263.55746 263.52902 263.51681 263.51797 263.53013 263.55131 263.57989 263.61449 263.65396 263.69736 263.74388 263.79286 263.84374 263.89605 263.94939 264.00344 264.05792 264.1126 264.16728 264.22181 264.27605
288.66311 287.71193 285.92146 283.00878 278.85544 274.01362 270.32585 270.1983 273.91157 279.06106 283.2169 285.33761 285.39121 283.86133 281.53936 279.32584 277.85922 277.19929 276.93815 276.6155 275.99208 275.05219 273.89412 272.6393 271.38825 270.20889 269.13954 268.19655 267.3818 266.68865 266.10605 265.62127 265.22144 264.89446 264.62943 264.41676 264.24817 264.11659 264.01602 263.9414 263.88849 263.85372 263.8341 263.82712 263.83067 263.84298 263.86256 263.88817 263.91875 263.9534 263.99137 264.03204 264.07486 264.11938 264.1652 264.21201 264.25953 264.30752 264.35579 264.40416
287.5819 286.45379 284.52133 281.5761 277.60896 273.2205 270.0099 269.89781 273.12939 277.77775 281.68294 283.76832 283.91126 282.54067 280.42005 278.43193 277.19861 276.76627 276.72055 276.59985 276.16201 275.38514 274.36143 273.20907 272.02904 270.89251 269.84257 268.90073 268.0737 267.35896 266.74877 266.23292 265.80039 265.44041 265.14295 264.899 264.70063 264.54095 264.41405 264.31487 264.23913 264.18317 264.14391 264.11875 264.10546 264.10219 264.10734 264.11957 264.13773 264.16087 264.18814 264.21886 264.25241 264.28829 264.32606 264.36534 264.40582 264.44723 264.48931 264.53189
286.65905 285.44514 283.5032 280.70417 277.12991 273.37461 270.74309 270.66946 273.33349 277.27819 280.71299 282.60833 282.76219 281.52612 279.60387 277.82538 276.7734 276.48515 276.56524 276.57256 276.2695 275.62587 274.72251 273.66945 272.56419 271.47827 270.45751 269.52724 268.69812 267.97126 267.342 266.80256 266.3438 265.95633 265.63112 265.35984 265.13501 264.95002 264.79913 264.67736 264.58043 264.50468 264.44695 264.40459 264.37531 264.35716 264.34848 264.34785 264.35405 264.36604 264.38294 264.40398 264.42851 264.45596 264.48584 264.51776 264.55133 264.58626 264.62228 264.65915
285.88755 284.66113 282.80539 280.26164 277.17266 274.08438 272.01407 271.98317 274.1009 277.29845 280.16321 281.77648 281.89026 280.77633 279.05692 277.47987 276.56827 276.35477 276.48419 276.55416 276.3386 275.7982 274.99888 274.0387 273.0085 271.97774 270.99314 270.08252 269.25966 268.52873 267.88784 267.33149 266.85239 266.44255 266.09399 265.79913 265.55104 265.34347 265.17089 265.02847 264.912 264.81784 264.74284 264.6843 264.63988 264.60759 264.5857 264.57274 264.56743 264.56868 264.57554 264.5872 264.60296 264.6222 264.6444 264.6691 264.69592 264.7245 264.75456 264.78582
285.25295 284.06786 282.35873 280.12115 277.52852 275.05462 273.46661 273.46802 275.10833 277.6115 279.89867 281.19492 281.24281 280.24471 278.73053 277.34667 276.54399 276.35393 276.47493 276.55547 276.38693 275.92175 275.20931 274.33339 273.37586 272.40209 271.45815 270.57318 269.76318 269.03486 268.3887 267.82132 267.32717 266.89964 266.53182 266.21693 265.94863 265.72108 265.52905 265.3679 265.23352 265.12235 265.03126 264.95755 264.89887 264.85318 264.81873 264.794 264.77766 264.76857 264.76575 264.76834 264.77559 264.78686 264.80157 264.81925 264.83946 264.86184 264.88605 264.91181
284.73661 283.62853 282.09702 280.17455 278.04101 276.09016 274.88671 274.90347 276.14662 278.05151 279.81009 280.79644 280.7717 279.8838 278.56932 277.36603 276.64879 276.44956 276.52487 276.57933 276.42614 276.01181 275.3696 274.5681 273.67888 272.76178 271.86093 271.00573 270.21363 269.4933 268.84723 268.27392 267.7694 267.32841 266.94507 266.61346 266.32782 266.08279 265.87346 265.69543 265.54475 265.41794 265.31195 265.22409 265.15202 265.09369 265.04733 265.01139 264.98451 264.96552 264.95338 264.94722 264.94625 264.94978 264.95723 264.96806 264.98184 264.99814 265.01664 265.03701
