layers/rainfall.tif
NCOLS 300
NROWS 300
XLLCORNER 108.422
YLLCORNER 2.17447
DX 0.11742
DY 0.06627
NODATA_VALUE -9999
[rows 26 to 51 of 300, columns 180 to 239 of 300]
263.69071 263.71021 263.73035 263.75108 263.77239 263.79424 263.8166 263.83946 263.86276 263.88651 263.91066 263.93518 263.96007 263.98529 264.01081 264.03662 264.06269 264.08901 264.11554 264.14228 264.16919 264.19627 264.22349 264.25083 264.27828 264.30583 264.33345 264.36114 264.38887 264.41663 264.44441 264.47221 264.49999 264.52776 264.5555 264.5832 264.61086 264.63845 264.66598 264.69343 264.7208 264.74807 264.77525 264.80232 264.82927 264.85611 264.88282 264.9094 264.93585 264.96215 264.98831 265.01432 265.04018 265.06588 265.09142 265.11679 265.142 265.16704 265.19191 265.2166
263.66269 263.68266 263.70326 263.72446 263.74624 263.76856 263.7914 263.81472 263.8385 263.86271 263.88733 263.91232 263.93767 263.96334 263.98933 264.01559 264.04211 264.06887 264.09585 264.12302 264.15036 264.17786 264.2055 264.23326 264.26113 264.28908 264.3171 264.34517 264.37329 264.40144 264.42959 264.45775 264.4859 264.51402 264.54211 264.57016 264.59815 264.62607 264.65392 264.68169 264.70937 264.73695 264.76443 264.79179 264.81903 264.84615 264.87314 264.89999 264.9267 264.95326 264.97967 265.00593 265.03202 265.05796 265.08373 265.10933 265.13476 265.16001 265.18509 265.20999
263.63444 263.65488 263.67596 263.69764 263.7199 263.7427 263.76602 263.78982 263.81408 263.83877 263.86386 263.88933 263.91515 263.94129 263.96774 263.99446 264.02144 264.04865 264.07608 264.10369 264.13147 264.15941 264.18747 264.21565 264.24393 264.27229 264.30072 264.32919 264.3577 264.38623 264.41476 264.44329 264.47181 264.50029 264.52873 264.55712 264.58545 264.61371 264.64189 264.66998 264.69797 264.72586 264.75364 264.78129 264.80882 264.83623 264.86349 264.89061 264.91758 264.94441 264.97107 264.99757 265.02391 265.05009 265.07609 265.10191 265.12757 265.15304 265.17833 265.20343
263.60597 263.62689 263.64846 263.67063 263.69337 263.71667 263.74047 263.76476 263.78951 263.81469 263.84027 263.86622 263.89251 263.91913 263.94605 263.97324 264.00069 264.02836 264.05623 264.0843 264.11252 264.1409 264.16939 264.198 264.2267 264.25548 264.28431 264.31318 264.34209 264.37101 264.39992 264.42883 264.45771 264.48656 264.51536 264.5441 264.57277 264.60136 264.62987 264.65829 264.6866 264.71479 264.74287 264.77083 264.79865 264.82634 264.85388 264.88127 264.90851 264.9356 264.96252 264.98927 265.01585 265.04226 265.0685 265.09455 265.12042 265.14611 265.17161 265.19693
263.57726 263.59868 263.62074 263.64341 263.66666 263.69045 263.71476 263.73955 263.76479 263.79046 263.81654 263.84298 263.86976 263.89687 263.92426 263.95193 263.97985 264.00798 264.03632 264.06484 264.09352 264.12233 264.15127 264.18031 264.20944 264.23863 264.26788 264.29716 264.32646 264.35578 264.38508 264.41437 264.44362 264.47284 264.50199 264.53109 264.56011 264.58904 264.61788 264.64662 264.67525 264.70376 264.73214 264.7604 264.78852 264.81649 264.84431 264.87198 264.89949 264.92683 264.95401 264.98101 265.00784 265.03449 265.06096 265.08724 265.11334 265.13924 265.16496 265.19048
263.54832 263.57025 263.59282 263.616 263.63975 263.66406 263.68887 263.71417 263.73992 263.7661 263.79267 263.81961 263.8469 263.87449 263.90238 263.93053 263.95892 263.98753 264.01634 264.04532 264.07445 264.10372 264.1331 264.16258 264.19214 264.22176 264.25143 264.28112 264.31083 264.34054 264.37023 264.39991 264.42954 264.45912 264.48864 264.51809 264.54746 264.57674 264.60591 264.63498 264.66393 264.69276 264.72145 264.75001 264.77842 264.80668 264.83479 264.86273 264.89051 264.91812 264.94555 264.97281 264.99988 265.02677 265.05347 265.07999 265.1063 265.13243 265.15836 265.18408
263.51915 263.54159 263.56468 263.58838 263.61266 263.63748 263.66282 263.68863 263.7149 263.7416 263.76868 263.79613 263.82391 263.85201 263.88039 263.90904 263.93792 263.96701 263.99629 264.02574 264.05534 264.08506 264.1149 264.14482 264.17482 264.20486 264.23495 264.26506 264.29518 264.3253 264.35539 264.38545 264.41546 264.44542 264.4753 264.50511 264.53483 264.56446 264.59397 264.62337 264.65264 264.68179 264.71079 264.73965 264.76836 264.79692 264.8253 264.85353 264.88158 264.90945 264.93714 264.96465 264.99198 265.01911 265.04604 265.07279 265.09933 265.12567 265.15181 265.17775
263.48974 263.51272 263.53633 263.56057 263.58537 263.61073 263.63659 263.66294 263.68974 263.71695 263.74456 263.77252 263.80082 263.82943 263.85831 263.88746 263.91683 263.94641 263.97617 264.0061 264.03617 264.06636 264.09665 264.12702 264.15746 264.18795 264.21846 264.249 264.27953 264.31005 264.34054 264.37099 264.40139 264.43173 264.46198 264.49216 264.52223 264.5522 264.58206 264.61179 264.64139 264.67086 264.70018 264.72934 264.75835 264.78719 264.81587 264.84437 264.8727 264.90084 264.92879 264.95655 264.98412 265.0115 265.03867 265.06564 265.09241 265.11898 265.14533 265.17148
263.4601 263.48362 263.50778 263.53255 263.5579 263.58379 263.6102 263.63709 263.66442 263.69217 263.7203 263.74879 263.77762 263.80674 263.83614 263.86579 263.89566 263.92574 263.95599 263.9864 264.01695 264.04761 264.07836 264.10919 264.14008 264.17101 264.20196 264.23292 264.26387 264.2948 264.3257 264.35655 264.38733 264.41805 264.44868 264.47922 264.50966 264.53998 264.57018 264.60025 264.63018 264.65996 264.6896 264.71907 264.74838 264.77752 264.80648 264.83527 264.86387 264.89227 264.92049 264.94851 264.97633 265.00395 265.03136 265.05856 265.08556 265.11234 265.13891 265.16526
263.43023 263.45429 263.479 263.50433 263.53023 263.55668 263.58364 263.61107 263.63895 263.66724 263.69592 263.72495 263.7543 263.78395 263.81387 263.84404 263.87442 263.905 263.93575 263.96665 263.99768 264.02882 264.06004 264.09133 264.12267 264.15405 264.18544 264.21683 264.24821 264.27956 264.31086 264.34211 264.37329 264.40439 264.4354 264.46631 264.49711 264.52778 264.55833 264.58874 264.619 264.64911 264.67906 264.70885 264.73846 264.7679 264.79715 264.82622 264.85509 264.88377 264.91225 264.94052 264.96859 264.99645 265.0241 265.05154 265.07876 265.10577 265.13255 265.15912
263.40011 263.42474 263.45002 263.47591 263.50238 263.52939 263.55691 263.5849 263.61334 263.64218 263.67141 263.70098 263.73088 263.76106 263.79151 263.8222 263.8531 263.88419 263.91545 263.94685 263.97837 264.00999 264.04168 264.07344 264.10525 264.13707 264.16891 264.20074 264.23254 264.26431 264.29603 264.32768 264.35926 264.39075 264.42214 264.45342 264.48459 264.51562 264.54652 264.57727 264.60787 264.6383 264.66857 264.69867 264.72859 264.75832 264.78787 264.81722 264.84637 264.87532 264.90406 264.93259 264.96092 264.98902 265.01691 265.04458 265.07203 265.09926 265.12626 265.15303
263.36976 263.39496 263.42082 263.44729 263.47433 263.50192 263.53001 263.55857 263.58758 263.61699 263.64677 263.6769 263.70734 263.73807 263.76906 263.80028 263.83171 263.86332 263.89509 263.92699 263.95901 263.99112 264.0233 264.05553 264.0878 264.12009 264.15237 264.18464 264.21688 264.24908 264.28121 264.31327 264.34525 264.37714 264.40891 264.44057 264.4721 264.50349 264.53474 264.56584 264.59677 264.62754 264.65813 264.68854 264.71877 264.7488 264.77864 264.80828 264.83771 264.86693 264.89594 264.92473 264.9533 264.98165 265.00978 265.03769 265.06536 265.09281 265.12003 265.14702
263.33917 263.36496 263.39141 263.41846 263.4461 263.47427 263.50294 263.53209 263.56167 263.59165 263.62201 263.6527 263.6837 263.71499 263.74652 263.77828 263.81025 263.84238 263.87467 263.90709 263.93961 263.97221 264.00488 264.0376 264.07034 264.10309 264.13583 264.16855 264.20122 264.23385 264.26641 264.29888 264.33126 264.36354 264.39571 264.42774 264.45965 264.4914 264.52301 264.55445 264.58573 264.61683 264.64774 264.67847 264.709 264.73934 264.76947 264.79939 264.8291 264.8586 264.88787 264.91692 264.94575 264.97435 265.00272 265.03086 265.05877 265.08644 265.11387 265.14107
263.30834 263.33473 263.36178 263.38944 263.41767 263.44644 263.47571 263.50545 263.53562 263.56619 263.59712 263.62839 263.65996 263.69181 263.7239 263.75621 263.78871 263.82138 263.8542 263.88713 263.92017 263.95327 263.98644 264.01964 264.05286 264.08608 264.11928 264.15245 264.18557 264.21863 264.25161 264.28451 264.3173 264.34998 264.38253 264.41495 264.44723 264.47936 264.51132 264.54311 264.57473 264.60616 264.6374 264.66845 264.69929 264.72993 264.76036 264.79057 264.82056 264.85033 264.87987 264.90919 264.93827 264.96712 264.99573 265.0241 265.05224 265.08013 265.10778 265.13519
263.27727 263.30428 263.33194 263.36021 263.38905 263.41843 263.44831 263.47866 263.50942 263.54059 263.57211 263.60396 263.63611 263.66853 263.70119 263.73406 263.76711 263.80033 263.83368 263.86714 263.90069 263.93431 263.96797 264.00167 264.03537 264.06906 264.10273 264.13636 264.16993 264.20343 264.23684 264.27016 264.30336 264.33644 264.36939 264.4022 264.43486 264.46735 264.49967 264.53182 264.56378 264.59555 264.62712 264.65848 264.68964 264.72058 264.75131 264.78181 264.81208 264.84213 264.87194 264.90152 264.93085 264.95995 264.9888 265.01741 265.04578 265.07389 265.10177 265.12939
263.24596 263.27359 263.30188 263.33078 263.36025 263.39025 263.42075 263.45171 263.48309 263.51486 263.54698 263.57943 263.61216 263.64516 263.67839 263.71183 263.74544 263.77921 263.8131 263.8471 263.88117 263.91531 263.94948 263.98368 264.01787 264.05205 264.08619 264.12027 264.1543 264.18824 264.22209 264.25583 264.28945 264.32294 264.35629 264.38949 264.42252 264.45539 264.48807 264.52057 264.55288 264.58499 264.61689 264.64858 264.68005 264.7113 264.74232 264.77312 264.80367 264.834 264.86408 264.89391 264.92351 264.95285 264.98195 265.0108 265.03939 265.06773 265.09582 265.12366
263.2144 263.24268 263.27161 263.30114 263.33125 263.36189 263.39302 263.42461 263.45661 263.48899 263.52173 263.55478 263.58812 263.62171 263.65552 263.68953 263.72371 263.75804 263.79248 263.82702 263.86163 263.89629 263.93098 263.96568 264.00036 264.03503 264.06964 264.1042 264.13868 264.17307 264.20736 264.24153 264.27557 264.30947 264.34322 264.37681 264.41023 264.44347 264.47653 264.50938 264.54204 264.57449 264.60672 264.63873 264.67052 264.70208 264.7334 264.76449 264.79533 264.82593 264.85628 264.88639 264.91623 264.94583 264.97517 265.00425 265.03308 265.06165 265.08995 265.118
263.1826 263.21154 263.24112 263.27131 263.30207 263.33335 263.36513 263.39735 263.42999 263.463 263.49636 263.53003 263.56397 263.59816 263.63257 263.66717 263.70192 263.73681 263.77182 263.8069 263.84205 263.87724 263.91245 263.94766 263.98285 264.01801 264.05311 264.08814 264.12308 264.15792 264.19266 264.22726 264.26173 264.29604 264.3302 264.36418 264.39799 264.43161 264.46503 264.49825 264.53126 264.56405 264.59661 264.62895 264.66106 264.69293 264.72455 264.75593 264.78706 264.81794 264.84856 264.87893 264.90904 264.93888 264.96847 264.99779 265.02684 265.05564 265.08416 265.11242
263.15056 263.18016 263.21042 263.24128 263.2727 263.30464 263.33707 263.36995 263.40323 263.43688 263.47087 263.50517 263.53973 263.57453 263.60954 263.64473 263.68007 263.71554 263.75111 263.78675 263.82245 263.85818 263.89392 263.92964 263.96534 264.00099 264.03658 264.07209 264.1075 264.1428 264.17798 264.21302 264.24792 264.28265 264.31722 264.3516 264.3858 264.4198 264.45359 264.48717 264.52053 264.55367 264.58657 264.61924 264.65166 264.68384 264.71577 264.74744 264.77886 264.81002 264.84092 264.87155 264.90191 264.93201 264.96184 264.9914 265.02069 265.0497 265.07845 265.10692
263.11828 263.14857 263.1795 263.21104 263.24314 263.27576 263.30886 263.3424 263.37634 263.41064 263.44528 263.4802 263.5154 263.55082 263.58644 263.62223 263.65817 263.69422 263.73036 263.76657 263.80282 263.8391 263.87537 263.91162 263.94783 263.98399 264.02007 264.05606 264.09195 264.12771 264.16334 264.19882 264.23415 264.26931 264.30428 264.33907 264.37366 264.40804 264.44221 264.47616 264.50987 264.54335 264.5766 264.60959 264.64234 264.67483 264.70706 264.73903 264.77074 264.80218 264.83335 264.86425 264.89487 264.92522 264.95529 264.98509 265.01461 265.04385 265.07282 265.1015
263.08575 263.11674 263.14837 263.1806 263.2134 263.2467 263.28048 263.3147 263.34931 263.38427 263.41956 263.45514 263.49097 263.52702 263.56327 263.59967 263.63621 263.67286 263.70958 263.74636 263.78318 263.82 263.85682 263.8936 263.93033 263.967 264.00357 264.04005 264.07642 264.11265 264.14873 264.18466 264.22043 264.25601 264.2914 264.32659 264.36158 264.39635 264.43089 264.4652 264.49928 264.53311 264.56669 264.60002 264.63309 264.66589 264.69843 264.7307 264.76269 264.79442 264.82586 264.85702 264.88791 264.91851 264.94883 264.97887 265.00862 265.03809 265.06727 265.09617
263.05298 263.08468 263.11703 263.14997 263.18347 263.21747 263.25195 263.28685 263.32214 263.35779 263.39374 263.42998 263.46646 263.50315 263.54003 263.57705 263.6142 263.65145 263.68877 263.72613 263.76351 263.8009 263.83826 263.87558 263.91284 263.95002 263.9871 264.02407 264.06091 264.09762 264.13417 264.17055 264.20675 264.24276 264.27857 264.31417 264.34956 264.38471 264.41964 264.45432 264.48875 264.52293 264.55686 264.59052 264.62391 264.65703 264.68987 264.72244 264.75473 264.78673 264.81845 264.84988 264.88103 264.91188 264.94245 264.97272 265.00271 265.0324 265.0618 265.09092
263.01997 263.0524 263.08547 263.11914 263.15335 263.18807 263.22326 263.25886 263.29485 263.33118 263.36781 263.40472 263.44186 263.4792 263.51672 263.55438 263.59215 263.63001 263.66792 263.70587 263.74383 263.78178 263.8197 263.85756 263.89535 263.93305 263.97065 264.00812 264.04545 264.08263 264.11964 264.15647 264.19312 264.22956 264.2658 264.30181 264.3376 264.37314 264.40845 264.4435 264.4783 264.51283 264.5471 264.58109 264.61481 264.64825 264.6814 264.71427 264.74685 264.77913 264.81113 264.84283 264.87423 264.90534 264.93615 264.96667 264.99689 265.0268 265.05643 265.08575
262.98671 263.01988 263.0537 263.0881 263.12305 263.1585 263.19441 263.23073 263.26742 263.30445 263.34178 263.37936 263.41718 263.45518 263.49335 263.53165 263.57005 263.60853 263.64705 263.68559 263.72414 263.76266 263.80114 263.83955 263.87788 263.91611 263.95422 263.99219 264.03002 264.06767 264.10516 264.14245 264.17954 264.21642 264.25308 264.28951 264.3257 264.36164 264.39733 264.43276 264.46792 264.50281 264.53742 264.57175 264.60579 264.63955 264.67301 264.70618 264.73905 264.77162 264.80389 264.83586 264.86753 264.89889 264.92995 264.9607 264.99115 265.0213 265.05114 265.08068
262.9532 262.98714 263.02172 263.05688 263.09258 263.12877 263.16541 263.20246 263.23987 263.27761 263.31564 263.35392 263.39242 263.43109 263.46992 263.50887 263.54791 263.58701 263.62615 263.6653 263.70444 263.74354 263.78259 263.82156 263.86043 263.89919 263.93782 263.9763 264.01462 264.05277 264.09072 264.12848 264.16602 264.20334 264.24043 264.27728 264.31387 264.35021 264.38629 264.42209 264.45762 264.49286 264.52782 264.56249 264.59686 264.63093 264.66471 264.69818 264.73134 264.7642 264.79674 264.82898 264.86091 264.89253 264.92383 264.95482 264.98551 265.01588 265.04594 265.07569
262.91946 262.95418 262.98952 263.02545 263.06192 263.09887 263.13626 263.17405 263.2122 263.25066 263.2894 263.32839 263.36758 263.40694 263.44644 263.48605 263.52573 263.56547 263.60524 263.645 263.68474 263.72443 263.76405 263.80358 263.843 263.8823 263.92146 263.96045 263.99927 264.03791 264.07634 264.11456 264.15256 264.19032 264.22784 264.26511 264.30212 264.33885 264.37532 264.4115 264.44739 264.483 264.5183 264.55331 264.58801 264.6224 264.65649 264.69026 264.72372 264.75686 264.78969 264.8222 264.85438 264.88625 264.91781 264.94904 264.97995 265.01055 265.04083 265.0708
