layers/rainfall.tif
NCOLS 300
NROWS 300
XLLCORNER 108.422
YLLCORNER 2.17447
DX 0.11742
DY 0.06627
NODATA_VALUE -9999
[rows 156 to 181 of 300, columns 180 to 239 of 300]
260.20345 260.41256 260.61272 260.80445 260.98822 261.16448 261.33363 261.49606 261.65214 261.80221 261.94657 262.08553 262.21937 262.34834 262.47268 262.59264 262.70842 262.82022 262.92823 263.03264 263.13362 263.23131 263.32587 263.41744 263.50616 263.59214 263.67551 263.75638 263.83486 263.91105 263.98503 264.05691 264.12676 264.19467 264.26071 264.32497 264.3875 264.44837 264.50765 264.56539 264.62166 264.6765 264.72997 264.78212 264.833 264.88264 264.93109 264.9784 265.0246 265.06973 265.11382 265.15692 265.19904 265.24024 265.28052 265.31993 265.35848 265.39622 265.43315 265.46931
260.24115 260.45024 260.65029 260.84184 261.02536 261.20131 261.37011 261.53215 261.68781 261.83743 261.98132 262.11979 262.25313 262.38159 262.50542 262.62486 262.74011 262.8514 262.95889 263.06278 263.16324 263.26042 263.35448 263.44556 263.53378 263.61928 263.70218 263.78258 263.86059 263.93633 264.00987 264.08131 264.15073 264.21822 264.28386 264.34771 264.40984 264.47033 264.52923 264.5866 264.64251 264.69699 264.75012 264.80193 264.85247 264.90179 264.94992 264.99692 265.04282 265.08765 265.13145 265.17426 265.21611 265.25703 265.29704 265.33619 265.37449 265.41197 265.44867 265.48459
260.28165 260.49056 260.69036 260.88158 261.06472 261.24024 261.40857 261.57012 261.72525 261.87433 262.01766 262.15557 262.28833 262.41621 262.53946 262.65831 262.77299 262.88369 262.99061 263.09394 263.19384 263.29047 263.38398 263.47451 263.56221 263.64719 263.72958 263.80948 263.88701 263.96226 264.03533 264.1063 264.17528 264.24233 264.30753 264.37095 264.43268 264.49276 264.55126 264.60825 264.66377 264.71789 264.77066 264.82211 264.87231 264.92129 264.9691 265.01577 265.06135 265.10587 265.14938 265.19189 265.23345 265.27409 265.31383 265.35271 265.39074 265.42797 265.46441 265.50009
260.32499 260.53356 260.73294 260.92369 261.10631 261.28128 261.44903 261.60997 261.76448 261.91292 262.05561 262.19286 262.32497 262.4522 262.57479 262.693 262.80703 262.9171 263.0234 263.12611 263.2254 263.32143 263.41435 263.50431 263.59145 263.67587 263.75772 263.83709 263.91409 263.98883 264.0614 264.1319 264.20039 264.26698 264.33173 264.39471 264.456 264.51566 264.57375 264.63033 264.68546 264.7392 264.79158 264.84267 264.89251 264.94114 264.98861 265.03495 265.0802 265.1244 265.1676 265.20981 265.25107 265.29142 265.33087 265.36947 265.40724 265.4442 265.48038 265.51581
260.37119 260.57924 260.77806 260.96819 261.15016 261.32444 261.49149 261.65171 261.80549 261.95319 262.09515 262.23167 262.36304 262.48954 262.61142 262.72892 262.84225 262.95163 263.05724 263.15929 263.25792 263.35331 263.44561 263.53495 263.62148 263.70532 263.78658 263.86539 263.94185 264.01605 264.0881 264.15808 264.22608 264.29218 264.35645 264.41897 264.4798 264.53902 264.59668 264.65285 264.70757 264.7609 264.8129 264.86361 264.91307 264.96134 265.00845 265.05445 265.09936 265.14324 265.18611 265.22801 265.26896 265.30901 265.34818 265.38649 265.42398 265.46067 265.49658 265.53175
260.42027 260.62763 260.82571 261.01507 261.19625 261.36972 261.53594 261.69533 261.84828 261.99516 262.13628 262.27198 262.40255 262.52825 262.64934 262.76606 262.87863 262.98726 263.09214 263.19347 263.2914 263.3861 263.47773 263.56642 263.65231 263.73552 263.81618 263.8944 263.97027 264.04391 264.11541 264.18485 264.25233 264.31792 264.38169 264.44373 264.50409 264.56285 264.62006 264.67579 264.73008 264.783 264.8346 264.88491 264.93399 264.98188 265.02863 265.07427 265.11884 265.16237 265.20491 265.24649 265.28713 265.32687 265.36573 265.40375 265.44096 265.47737 265.51301 265.54791
260.47224 260.67873 260.87591 261.06435 261.24459 261.41712 261.5824 261.74085 261.89286 262.0388 262.17901 262.31381 262.44348 262.56831 262.68854 262.80442 262.91617 263.02399 263.12809 263.22865 263.32583 263.4198 263.51072 263.59871 263.68393 263.76648 263.8465 263.92409 263.99936 264.07241 264.14333 264.21221 264.27914 264.34419 264.40745 264.46898 264.52886 264.58714 264.64388 264.69916 264.75301 264.8055 264.85667 264.90658 264.95526 265.00277 265.04914 265.09441 265.13862 265.1818 265.224 265.26524 265.30556 265.34498 265.38354 265.42126 265.45817 265.49429 265.52966 265.56428
260.52711 260.73255 260.92866 261.11603 261.29519 261.46664 261.63085 261.78824 261.93921 262.08413 262.22333 262.35713 262.48584 262.60971 262.72902 262.84399 262.95485 263.06182 263.16508 263.26482 263.36121 263.45441 263.54457 263.63183 263.71633 263.79819 263.87753 263.95447 264.0291 264.10153 264.17185 264.24014 264.3065 264.371 264.43372 264.49473 264.55409 264.61188 264.66814 264.72294 264.77634 264.82839 264.87913 264.92861 264.97689 265.02399 265.06997 265.11486 265.1587 265.20153 265.24338 265.28428 265.32426 265.36336 265.4016 265.43901 265.47562 265.51145 265.54652 265.58087
260.58489 260.78909 260.98397 261.1701 261.34804 261.51828 261.6813 261.83752 261.98734 262.13113 262.26922 262.40195 262.52961 262.65246 262.77077 262.88477 262.99469 263.10074 263.2031 263.30198 263.39752 263.4899 263.57927 263.66576 263.74951 263.83064 263.90928 263.98553 264.05949 264.13127 264.20096 264.26865 264.33441 264.39834 264.4605 264.52096 264.5798 264.63707 264.69283 264.74715 264.80008 264.85166 264.90196 264.95101 264.99886 265.04555 265.09113 265.13563 265.17909 265.22155 265.26304 265.30359 265.34323 265.38199 265.41991 265.457 265.4933 265.52883 265.56361 265.59767
260.64556 260.84835 261.04182 261.22656 261.40313 261.57203 261.73373 261.88866 262.03722 262.17978 262.31669 262.44826 262.57478 262.69653 262.81377 262.92674 263.03566 263.14073 263.24215 263.34011 263.43476 263.52628 263.61481 263.70049 263.78346 263.86383 263.94172 264.01726 264.09053 264.16163 264.23067 264.29772 264.36287 264.4262 264.48778 264.54768 264.60596 264.6627 264.71795 264.77177 264.82421 264.87532 264.92515 264.97375 265.02117 265.06744 265.11261 265.15671 265.19978 265.24186 265.28297 265.32316 265.36245 265.40088 265.43846 265.47523 265.51121 265.54643 265.58091 265.61468
260.70914 260.91032 261.1022 261.2854 261.46045 261.62787 261.78813 261.94166 262.08886 262.23009 262.36571 262.49603 262.62134 262.74193 262.85803 262.9699 263.07775 263.18179 263.28222 263.37921 263.47293 263.56354 263.65119 263.73602 263.81817 263.89774 263.97487 264.04965 264.1222 264.1926 264.26096 264.32735 264.39186 264.45457 264.51555 264.57487 264.63259 264.68878 264.74349 264.79679 264.84873 264.89935 264.94871 264.99685 265.04382 265.08966 265.1344 265.17809 265.22076 265.26245 265.30319 265.34301 265.38194 265.42001 265.45725 265.49369 265.52935 265.56425 265.59843 265.63189
260.7756 260.97498 261.16511 261.3466 261.51999 261.6858 261.84449 261.9965 262.14222 262.28204 262.41628 262.54526 262.66929 262.78863 262.90353 263.01423 263.12096 263.22391 263.32329 263.41926 263.512 263.60166 263.6884 263.77234 263.85363 263.93237 264.0087 264.0827 264.1545 264.22418 264.29183 264.35754 264.42139 264.48345 264.54381 264.60253 264.65966 264.71529 264.76946 264.82222 264.87364 264.92376 264.97263 265.0203 265.06681 265.1122 265.15651 265.19977 265.24203 265.28332 265.32367 265.36311 265.40168 265.43939 265.47629 265.51239 265.54771 265.5823 265.61616 265.64931
260.84493 261.04233 261.23053 261.41015 261.58173 261.74579 261.90279 262.05316 262.19731 262.3356 262.46837 262.59594 262.7186 262.83662 262.95025 263.05972 263.16527 263.26708 263.36535 263.46026 263.55197 263.64064 263.72642 263.80944 263.88983 263.96772 264.04321 264.11641 264.18742 264.25634 264.32327 264.38827 264.45144 264.51284 264.57256 264.63065 264.68719 264.74223 264.79583 264.84805 264.89893 264.94854 264.99691 265.04409 265.09013 265.13506 265.17892 265.22176 265.2636 265.30448 265.34443 265.38348 265.42167 265.45902 265.49556 265.53131 265.5663 265.60055 265.63409 265.66694
260.91711 261.11233 261.29843 261.47602 261.64565 261.80782 261.963 262.11163 262.2541 262.39077 262.52198 262.64805 262.76926 262.88588 262.99817 263.10636 263.21066 263.31128 263.40839 263.50219 263.59283 263.68047 263.76525 263.84731 263.92677 264.00376 264.07838 264.15075 264.22096 264.2891 264.35527 264.41954 264.482 264.54272 264.60178 264.65923 264.71515 264.76959 264.82261 264.87427 264.92461 264.97368 265.02154 265.06822 265.11377 265.15823 265.20164 265.24403 265.28544 265.3259 265.36545 265.40411 265.44191 265.47889 265.51506 265.55046 265.5851 265.61902 265.65223 265.68476
260.99211 261.18496 261.36879 261.54419 261.71172 261.87187 262.02512 262.17188 262.31256 262.44751 262.57707 262.70156 262.82125 262.93641 263.04729 263.15413 263.25713 263.35649 263.4524 263.54504 263.63457 263.72113 263.80487 263.88594 263.96444 264.04049 264.11422 264.18572 264.2551 264.32243 264.38782 264.45134 264.51308 264.5731 264.63147 264.68827 264.74355 264.79737 264.8498 264.90087 264.95065 264.99918 265.04651 265.09269 265.13774 265.18172 265.22466 265.2666 265.30757 265.3476 265.38673 265.42499 265.4624 265.49899 265.53479 265.56983 265.60412 265.6377 265.67058 265.70278
261.0699 261.2602 261.44158 261.61463 261.77991 261.93791 262.0891 262.23389 262.37267 262.50581 262.63364 262.75645 262.87454 262.98817 263.09758 263.203 263.30464 263.4027 263.49736 263.5888 263.67716 263.76261 263.84528 263.92531 264.00281 264.07791 264.15071 264.22132 264.28983 264.35634 264.42092 264.48367 264.54466 264.60395 264.66163 264.71775 264.77237 264.82556 264.87737 264.92786 264.97706 265.02504 265.07183 265.11748 265.16203 265.20551 265.24798 265.28945 265.32997 265.36957 265.40827 265.44611 265.48312 265.51933 265.55475 265.58942 265.62335 265.65658 265.68912 265.72099
261.15043 261.33799 261.51675 261.68731 261.8502 262.00592 262.15492 262.29763 262.43442 262.56565 262.69165 262.81271 262.92913 263.04115 263.14903 263.25297 263.3532 263.4499 263.54326 263.63344 263.7206 263.80489 263.88645 263.96541 264.04188 264.11599 264.18784 264.25753 264.32515 264.3908 264.45456 264.51651 264.57673 264.63528 264.69224 264.74766 264.80162 264.85416 264.90534 264.95522 265.00383 265.05124 265.09748 265.14259 265.18662 265.22961 265.27158 265.31258 265.35264 265.39179 265.43007 265.46749 265.50409 265.5399 265.57493 265.60923 265.6428 265.67567 265.70786 265.7394
261.23367 261.4183 261.59428 261.76218 261.92254 262.07585 262.22255 262.36306 262.49776 262.62699 262.75107 262.87031 262.98498 263.09533 263.2016 263.30402 263.40277 263.49807 263.59007 263.67896 263.76487 263.84797 263.92838 264.00623 264.08164 264.15473 264.22559 264.29433 264.36104 264.42581 264.48872 264.54986 264.60928 264.66707 264.7233 264.77801 264.83128 264.88315 264.93369 264.98295 265.03096 265.07779 265.12346 265.16803 265.21153 265.254 265.29547 265.33599 265.37558 265.41428 265.45211 265.48911 265.52529 265.56069 265.59534 265.62925 265.66245 265.69496 265.7268 265.75799
261.31956 261.50109 261.67411 261.83921 261.9969 262.14767 262.29195 262.43016 262.56266 262.6898 262.81189 262.92922 263.04207 263.15068 263.25529 263.35611 263.45335 263.54718 263.63779 263.72533 263.80996 263.89182 263.97105 264.04776 264.12208 264.19411 264.26396 264.33173 264.3975 264.46137 264.52341 264.5837 264.64232 264.69933 264.75479 264.80878 264.86134 264.91254 264.96242 265.01104 265.05844 265.10467 265.14976 265.19377 265.23673 265.27868 265.31965 265.35967 265.39879 265.43702 265.4744 265.51096 265.54672 265.58171 265.61596 265.64948 265.6823 265.71444 265.74593 265.77677
261.40804 261.58629 261.7562 261.91834 262.07323 262.22133 262.36309 262.49889 262.6291 262.75406 262.87407 262.98942 263.10037 263.20718 263.31006 263.40924 263.50489 263.59722 263.68638 263.77254 263.85585 263.93643 264.01444 264.08998 264.16317 264.23412 264.30293 264.3697 264.43451 264.49745 264.5586 264.61803 264.67582 264.73202 264.78672 264.83996 264.89181 264.94231 264.99152 265.03949 265.08626 265.13188 265.17639 265.21983 265.26224 265.30365 265.3441 265.38362 265.42225 265.46001 265.49694 265.53305 265.56838 265.60295 265.63679 265.66991 265.70235 265.73412 265.76524 265.79574
261.49906 261.67385 261.84049 261.99953 262.15149 262.29681 262.43592 262.56921 262.69703 262.81972 262.93757 263.05087 263.15986 263.2648 263.3659 263.46337 263.5574 263.64816 263.73584 263.82057 263.90251 263.98179 264.05854 264.13288 264.20491 264.27475 264.3425 264.40824 264.47206 264.53405 264.59428 264.65283 264.70977 264.76516 264.81907 264.87155 264.92266 264.97245 265.02098 265.06828 265.11441 265.15941 265.20332 265.24618 265.28803 265.3289 265.36882 265.40784 265.44597 265.48325 265.51971 265.55537 265.59026 265.62441 265.65783 265.69055 265.7226 265.75399 265.78474 265.81488
261.59255 261.76371 261.92693 262.08273 262.23162 262.37403 262.5104 262.64108 262.76642 262.88676 263.00237 263.11354 263.22051 263.32351 263.42277 263.51848 263.61083 263.69999 263.78614 263.8694 263.94994 264.02787 264.10333 264.17643 264.24728 264.31599 264.38264 264.44733 264.51014 264.57116 264.63046 264.68811 264.74418 264.79873 264.85183 264.90353 264.95389 265.00296 265.05079 265.09742 265.1429 265.18726 265.23056 265.27283 265.31411 265.35442 265.39381 265.43231 265.46993 265.50673 265.54271 265.57791 265.61236 265.64607 265.67908 265.71139 265.74304 265.77405 265.80443 265.8342
261.68844 261.85581 262.01544 262.16787 262.31357 262.45297 262.58647 262.71445 262.83723 262.95513 263.06843 263.1774 263.28227 263.38329 263.48065 263.57455 263.66517 263.75269 263.83725 263.91901 263.99811 264.07466 264.1488 264.22064 264.29027 264.35781 264.42334 264.48695 264.54874 264.60876 264.6671 264.72383 264.77902 264.83272 264.885 264.93591 264.9855 265.03383 265.08095 265.12689 265.1717 265.21543 265.25811 265.29977 265.34047 265.38022 265.41906 265.45703 265.49414 265.53044 265.56594 265.60068 265.63467 265.66795 265.70052 265.73243 265.76367 265.79429 265.82429 265.85369
261.78665 261.95006 262.10598 262.2549 262.39728 262.53356 262.66411 262.78928 262.90941 263.0248 263.13571 263.24241 263.34513 263.44409 263.5395 263.63154 263.72039 263.80622 263.88916 263.96938 264.047 264.12214 264.19493 264.26547 264.33386 264.4002 264.46459 264.52711 264.58783 264.64685 264.70421 264.76001 264.81429 264.86712 264.91856 264.96866 265.01748 265.06506 265.11144 265.15668 265.20082 265.24389 265.28594 265.327 265.3671 265.40628 265.44457 265.482 265.51859 265.55439 265.5894 265.62366 265.6572 265.69002 265.72217 265.75365 265.78449 265.81471 265.84432 265.87335
261.88709 262.0464 262.19846 262.34374 262.4827 262.61574 262.74324 262.86553 262.98292 263.09571 263.20417 263.30854 263.40905 263.5059 263.59931 263.68944 263.77647 263.86056 263.94185 264.02049 264.09659 264.17029 264.24169 264.31091 264.37803 264.44316 264.50638 264.56777 264.62742 264.6854 264.74178 264.79661 264.84997 264.90192 264.95251 265.00179 265.04981 265.09662 265.14227 265.1868 265.23025 265.27266 265.31406 265.3545 265.394 265.4326 265.47032 265.50721 265.54328 265.57856 265.61308 265.64686 265.67993 265.7123 265.74401 265.77506 265.80549 265.83531 265.86453 265.89318
261.98968 262.14474 262.29281 262.43434 262.56976 262.69947 262.82382 262.94313 263.05771 263.16784 263.27378 263.37575 263.47398 263.56868 263.66003 263.74821 263.83338 263.91569 263.99529 264.07231 264.14687 264.21909 264.28908 264.35694 264.42277 264.48665 264.54868 264.60894 264.66749 264.72441 264.77978 264.83364 264.88606 264.93711 264.98683 265.03527 265.08249 265.12852 265.17342 265.21723 265.25998 265.30171 265.34246 265.38227 265.42116 265.45917 265.49632 265.53265 265.56819 265.60295 265.63697 265.67026 265.70286 265.73477 265.76604 265.79666 265.82667 265.85608 265.88491 265.91317
