layers/rainfall.tif
NCOLS 300
NROWS 300
XLLCORNER 108.422
YLLCORNER 2.17447
DX 0.11742
DY 0.06627
NODATA_VALUE -9999
[rows 78 to 103 of 300, columns 120 to 179 of 300]
262.81249 262.68833 262.56618 262.44629 262.32889 262.21421 262.10249 261.99395 261.8888 261.78724 261.68946 261.59565 261.50598 261.42059 261.33962 261.2632 261.19144 261.12441 261.06221 261.00487 260.95245 260.90496 260.86241 260.82478 260.79206 260.7642 260.74115 260.72283 260.70916 260.70006 260.69541 260.6951 260.69901 260.70701 260.71896 260.73471 260.75412 260.77704 260.8033 260.83276 260.86526 260.90062 260.9387 260.97934 261.02238 261.06767 261.11505 261.16437 261.2155 261.26828 261.32259 261.37828 261.43523 261.49332 261.55242 261.61243 261.67323 261.73472 261.7968 261.85937
262.76504 262.63823 262.51348 262.39103 262.27112 262.15401 262.03992 261.9291 261.82176 261.71811 261.61836 261.52268 261.43127 261.34426 261.26182 261.18405 261.11108 261.043 260.97988 260.92177 260.86873 260.82076 260.77788 260.74007 260.70729 260.67952 260.65668 260.63871 260.62551 260.61699 260.61304 260.61353 260.61834 260.62734 260.64036 260.65727 260.67792 260.70213 260.72975 260.76061 260.79456 260.83141 260.87102 260.91321 260.95783 261.00471 261.0537 261.10464 261.15738 261.21178 261.2677 261.32499 261.38354 261.44321 261.50387 261.56542 261.62774 261.69073 261.75428 261.8183
262.7169 262.58737 262.45993 262.33484 262.21235 262.09272 261.9762 261.86302 261.75343 261.64763 261.54583 261.44824 261.35503 261.26637 261.1824 261.10326 261.02906 260.95989 260.89584 260.83695 260.78328 260.73483 260.69162 260.65363 260.62082 260.59316 260.57056 260.55296 260.54027 260.53237 260.52916 260.5305 260.53625 260.54629 260.56044 260.57856 260.60048 260.62604 260.65507 260.6874 260.72285 260.76125 260.80244 260.84624 260.89249 260.94101 260.99166 261.04426 261.09867 261.15473 261.21231 261.27125 261.33143 261.39272 261.45499 261.51812 261.58199 261.64651 261.71157 261.77706
262.66806 262.53572 262.40551 262.2777 262.15255 262.03032 261.91129 261.79569 261.68376 261.57574 261.47185 261.37228 261.27723 261.18686 261.10132 261.02077 260.9453 260.87503 260.81003 260.75035 260.69604 260.64712 260.60359 260.56543 260.53261 260.50507 260.48274 260.46555 260.45339 260.44616 260.44372 260.44595 260.4527 260.46383 260.47916 260.49854 260.52181 260.54877 260.57926 260.61311 260.65012 260.69013 260.73295 260.77842 260.82635 260.87657 260.92892 260.98324 261.03937 261.09714 261.15642 261.21706 261.27892 261.34186 261.40577 261.47052 261.53599 261.60207 261.66866 261.73567
262.61851 262.48328 262.35021 262.21958 262.09168 261.96678 261.84515 261.72705 261.61273 261.50242 261.39636 261.29476 261.1978 261.10567 261.01854 260.93653 260.85977 260.78837 260.7224 260.66192 260.60697 260.55758 260.51373 260.47542 260.44259 260.41521 260.39318 260.37643 260.36484 260.35831 260.3567 260.35986 260.36766 260.37993 260.3965 260.4172 260.44185 260.47028 260.5023 260.53772 260.57635 260.61802 260.66254 260.70973 260.7594 260.81137 260.86549 260.92158 260.97947 261.039 261.10004 261.16241 261.22599 261.29064 261.35623 261.42263 261.48973 261.55742 261.62558 261.69412
262.56824 262.43002 262.294 262.16048 262.02974 261.90207 261.77776 261.65708 261.54028 261.42761 261.31932 261.21562 261.11671 261.02277 260.93399 260.85049 260.77241 260.69985 260.63289 260.5716 260.51601 260.46614 260.42199 260.38353 260.35073 260.32352 260.30182 260.28554 260.27457 260.26878 260.26804 260.2722 260.28109 260.29456 260.31242 260.3345 260.36061 260.39056 260.42416 260.46121 260.50154 260.54493 260.5912 260.64016 260.69163 260.74542 260.80136 260.85927 260.91897 260.98032 261.04315 261.10732 261.17267 261.23906 261.30637 261.37447 261.44323 261.51255 261.58232 261.65243
262.51723 262.37592 262.23686 262.10035 261.96668 261.83616 261.70908 261.58573 261.46638 261.35128 261.24068 261.13481 261.03389 260.9381 260.84761 260.76259 260.68315 260.60941 260.54145 260.47933 260.42309 260.37275 260.3283 260.28972 260.25696 260.22995 260.20862 260.19285 260.18253 260.17754 260.17771 260.18291 260.19296 260.20768 260.22689 260.25041 260.27804 260.30957 260.34482 260.38358 260.42565 260.47083 260.51892 260.56972 260.62305 260.67871 260.73652 260.79631 260.85789 260.9211 260.98578 261.05178 261.11894 261.18713 261.2562 261.32603 261.3965 261.46749 261.5389 261.61061
262.46547 262.32098 262.17878 262.03917 261.90248 261.76901 261.63908 261.51297 261.39098 261.27337 261.16039 261.05229 260.94929 260.85159 260.75936 260.67277 260.59194 260.51699 260.44801 260.38505 260.32816 260.27735 260.23261 260.19392 260.16123 260.13445 260.11351 260.0983 260.08868 260.08452 260.08567 260.09196 260.10322 260.11926 260.13989 260.16491 260.19412 260.22731 260.26427 260.3048 260.34868 260.39571 260.44568 260.49839 260.55364 260.61123 260.67098 260.7327 260.79621 260.86134 260.92792 260.9958 261.06483 261.13485 261.20573 261.27734 261.34955 261.42225 261.49532 261.56867
262.41294 262.26517 262.11972 261.97692 261.8371 261.70059 261.56771 261.43876 261.31404 261.19383 261.0784 260.968 260.86286 260.76319 260.66917 260.58097 260.49871 260.42253 260.35251 260.2887 260.23115 260.17988 260.13487 260.09609 260.06348 260.03697 260.01646 260.00184 259.99296 259.9897 259.99187 259.99932 260.01185 260.02927 260.05138 260.07797 260.10883 260.14374 260.18249 260.22485 260.27062 260.31957 260.37149 260.42616 260.4834 260.54299 260.60473 260.66844 260.73394 260.80104 260.86958 260.93939 261.01033 261.08223 261.15496 261.22838 261.30238 261.37682 261.45161 261.52662
262.35964 262.20848 262.05967 261.91357 261.77052 261.63086 261.49493 261.36304 261.2355 261.11262 260.99466 260.88189 260.77454 260.67284 260.57698 260.48712 260.40341 260.32596 260.25487 260.19021 260.132 260.08027 260.035 259.99614 259.96365 259.93744 259.9174 259.90341 259.89534 259.89301 259.89628 259.90494 259.91881 259.93767 259.96133 259.98956 260.02214 260.05885 260.09945 260.14372 260.19144 260.24238 260.29632 260.35304 260.41232 260.47397 260.53777 260.60354 260.67108 260.74021 260.81076 260.88256 260.95545 261.02928 261.1039 261.17919 261.25501 261.33123 261.40776 261.48447
262.30555 262.15088 261.99861 261.8491 261.70271 261.5598 261.42071 261.28578 261.15533 261.02968 260.9091 260.79388 260.68426 260.58047 260.48271 260.39115 260.30595 260.22721 260.15505 260.08951 260.03064 259.97846 259.93293 259.89403 259.86168 259.8358 259.81627 259.80297 259.79574 259.79442 259.79883 259.80877 259.82404 259.84443 259.86971 259.89965 259.93403 259.9726 260.01514 260.06139 260.11114 260.16414 260.22017 260.279 260.3404 260.40417 260.4701 260.53799 260.60763 260.67885 260.75146 260.8253 260.9002 260.976 261.05257 261.12976 261.20744 261.28549 261.36379 261.44224
262.25066 262.09236 261.93651 261.78347 261.63363 261.48735 261.345 261.20692 261.07347 260.94495 260.82168 260.70393 260.59196 260.48602 260.3863 260.293 260.20626 260.12621 260.05295 259.98653 259.927 259.87437 259.82861 259.78968 259.75751 259.73199 259.71302 259.70045 259.69413 259.69387 259.69949 259.71078 259.72753 259.74951 259.77648 259.80822 259.84447 259.88499 259.92953 259.97785 260.0297 260.08484 260.14303 260.20404 260.26764 260.33361 260.40172 260.47179 260.5436 260.61696 260.6917 260.76763 260.84459 260.92242 261.00097 261.08011 261.15969 261.2396 261.31972 261.39993
262.19495 262.0329 261.87334 261.71666 261.56324 261.41348 261.26775 261.12643 260.98986 260.85839 260.73232 260.61196 260.49758 260.38941 260.28769 260.19259 260.10428 260.02288 259.9485 259.88119 259.821 259.76793 259.72195 259.68302 259.65106 259.62595 259.60759 259.5958 259.59044 259.59131 259.59821 259.61092 259.62922 259.65286 259.68161 259.71522 259.75342 259.79597 259.84261 259.89307 259.9471 260.00446 260.0649 260.12816 260.19403 260.26226 260.33264 260.40495 260.47899 260.55456 260.63148 260.70955 260.78863 260.86853 260.94912 261.03025 261.11178 261.19359 261.27555 261.35757
262.1384 261.97249 261.80909 261.64863 261.49151 261.33815 261.18893 261.04424 260.90446 260.76992 260.64097 260.51791 260.40103 260.29058 260.18678 260.08984 259.99992 259.91715 259.84163 259.77342 259.71257 259.65906 259.61289 259.57398 259.54226 259.51761 259.4999 259.48896 259.48462 259.48668 259.49493 259.50914 259.52907 259.55446 259.58507 259.62063 259.66088 259.70554 259.75435 259.80704 259.86334 259.923 259.98575 260.05136 260.11956 260.19013 260.26284 260.33747 260.41381 260.49165 260.5708 260.65108 260.73232 260.81436 260.89703 260.98019 261.06371 261.14745 261.23131 261.31516
262.08101 261.91109 261.74372 261.57936 261.41841 261.26132 261.10848 260.96031 260.81719 260.67949 260.54756 260.42171 260.30225 260.18944 260.08351 259.98468 259.89311 259.80893 259.73225 259.66313 259.60161 259.5477 259.50134 259.46249 259.43105 259.4069 259.38989 259.37986 259.37661 259.37994 259.38961 259.4054 259.42703 259.45427 259.48682 259.52442 259.5668 259.61366 259.66474 259.71974 259.7784 259.84044 259.9056 259.97362 260.04424 260.11723 260.19234 260.26936 260.34806 260.42823 260.50968 260.59223 260.67569 260.7599 260.8447 260.92995 261.0155 261.10122 261.187 261.27273
262.02276 261.84869 261.67722 261.50881 261.3439 261.18294 261.02636 260.87458 260.72801 260.58703 260.45201 260.32329 260.20116 260.08592 259.9778 259.87701 259.78375 259.69813 259.62027 259.55024 259.48806 259.43374 259.38723 259.34847 259.31735 259.29375 259.27751 259.26844 259.26635 259.27102 259.2822 259.29964 259.32308 259.35223 259.38682 259.42656 259.47116 259.52032 259.57375 259.63116 259.69226 259.75677 259.82443 259.89494 259.96807 260.04355 260.12114 260.20061 260.28174 260.36432 260.44813 260.533 260.61874 260.70518 260.79216 260.87953 260.96716 261.0549 261.14265 261.23028
261.96363 261.78527 261.60955 261.43695 261.26793 261.10296 260.9425 260.78699 260.63684 260.49248 260.35426 260.22256 260.09768 259.97992 259.86954 259.76676 259.67175 259.58467 259.50561 259.43466 259.37182 259.31711 259.27047 259.23183 259.20108 259.17808 259.16266 259.15463 259.15378 259.15986 259.17263 259.19182 259.21715 259.24832 259.28505 259.32702 259.37393 259.42548 259.48137 259.54128 259.60492 259.67199 259.74222 259.81533 259.89104 259.96909 260.04924 260.13125 260.21488 260.29992 260.38616 260.47341 260.56148 260.65021 260.73942 260.82897 260.91871 261.00851 261.09826 261.18783
261.90362 261.72081 261.54069 261.36374 261.19047 261.02135 260.85687 260.69748 260.54363 260.39575 260.25423 260.11944 259.99172 259.87137 259.75866 259.65382 259.55703 259.46845 259.38818 259.31629 259.2528 259.19772 259.15097 259.11249 259.08216 259.05982 259.04529 259.03837 259.03882 259.04641 259.06086 259.08189 259.10921 259.1425 259.18145 259.22576 259.27509 259.32913 259.38757 259.45008 259.51635 259.58609 259.65899 259.73477 259.81315 259.89386 259.97665 260.06126 260.14747 260.23504 260.32378 260.41347 260.50394 260.595 260.68649 260.77826 260.87017 260.96207 261.05386 261.14541
261.8427 261.65529 261.4706 261.28916 261.11147 260.93805 260.76939 260.60599 260.4483 260.29678 260.15184 260.01386 259.8832 259.76018 259.64506 259.5381 259.43949 259.34937 259.26787 259.19504 259.13091 259.07546 259.02865 258.99037 258.9605 258.93888 258.92531 258.91957 258.92143 258.93061 258.94683 258.9698 258.9992 259.03471 259.076 259.12275 259.17461 259.23125 259.29234 259.35755 259.42656 259.49905 259.57472 259.65327 259.73441 259.81786 259.90337 259.99066 260.07952 260.1697 260.26099 260.3532 260.44611 260.53957 260.6334 260.72744 260.82155 260.9156 261.00946 261.10303
261.78087 261.58869 261.39927 261.21315 261.03089 260.853 260.68002 260.51245 260.35079 260.19549 260.047 259.90572 259.77202 259.64623 259.52864 259.4195 259.31902 259.22733 259.14457 259.0708 259.00603 258.95025 258.9034 258.86537 258.83602 258.81518 258.80264 258.79817 258.80151 258.81238 258.83048 258.85549 258.88708 258.92492 258.96866 259.01796 259.07245 259.1318 259.19566 259.26368 259.33553 259.41088 259.48942 259.57083 259.65482 259.7411 259.8294 259.91947 260.01105 260.10391 260.19783 260.2926 260.38803 260.48394 260.58015 260.67651 260.77288 260.86911 260.96509 261.0607
261.71811 261.52098 261.32665 261.1357 260.94868 260.76616 260.58869 260.4168 260.25101 260.0918 259.93963 259.79493 259.65809 259.52944 259.4093 259.29792 259.19551 259.10223 259.01819 258.94347 258.87808 258.82199 258.77513 258.73739 258.70862 258.68863 258.67721 258.67409 258.67901 258.69167 258.71174 258.7389 258.7728 258.81309 258.85939 258.91135 258.9686 259.03077 259.09751 259.16845 259.24324 259.32156 259.40306 259.48744 259.57437 259.66358 259.75477 259.84768 259.94207 260.03768 260.13429 260.2317 260.3297 260.42812 260.52677 260.6255 260.72417 260.82263 260.92076 261.01846
261.6544 261.45215 261.25273 261.05675 260.8648 260.67747 260.49534 260.31896 260.14888 259.98562 259.82964 259.6814 259.5413 259.4097 259.28693 259.17324 259.06885 258.97394 258.88862 258.81294 258.74693 258.69056 258.64373 258.60634 258.57822 258.55915 258.54892 258.54725 258.55385 258.5684 258.59056 258.61999 258.65631 258.69916 258.74815 258.8029 258.86302 258.92813 258.99787 259.07184 259.1497 259.23109 259.31567 259.40311 259.49308 259.5853 259.67947 259.77532 259.87259 259.97102 260.07041 260.17052 260.27116 260.37213 260.47328 260.57443 260.67544 260.77617 260.8765 260.97632
261.58974 261.38217 261.17747 260.97627 260.7792 260.58688 260.3999 260.21886 260.04434 259.87685 259.71692 259.56501 259.42154 259.2869 259.1614 259.04534 258.93893 258.84235 258.75572 258.67909 258.61248 258.55585 258.50911 258.47212 258.4447 258.42665 258.4177 258.41757 258.42595 258.44251 258.46688 258.49869 258.53757 258.5831 258.6349 258.69256 258.75569 258.82387 258.89672 258.97385 259.05489 259.13947 259.22723 259.31783 259.41096 259.50629 259.60352 259.70239 259.80262 259.90396 260.00618 260.10907 260.2124 260.316 260.4197 260.52332 260.62672 260.72976 260.83233 260.9343
261.52411 261.31102 261.10084 260.89422 260.69183 260.49431 260.3023 260.11643 259.93728 259.76542 259.60139 259.44567 259.29871 259.16091 259.03261 258.91411 258.80562 258.70734 258.61938 258.5418 258.47461 258.41775 258.37113 258.3346 258.30798 258.29101 258.28344 258.28497 258.29524 258.31392 258.34062 258.37495 258.4165 258.46486 258.51961 258.58032 258.64657 258.71795 258.79405 258.87447 258.9588 259.04668 259.13774 259.23162 259.32799 259.42653 259.52693 259.62891 259.73219 259.83651 259.94165 260.04737 260.15347 260.25975 260.36605 260.47219 260.57803 260.68342 260.78826 260.89242
261.4575 261.23868 261.0228 260.81056 260.60263 260.39972 260.20248 260.01157 259.82761 259.65121 259.48292 259.32326 259.17268 259.03162 258.90043 258.7794 258.66879 258.56878 258.47947 258.40094 258.33318 258.27613 258.22969 258.1937 258.16793 258.15215 258.14607 258.14935 258.16164 258.18257 258.21173 258.24871 258.29308 258.3444 258.40223 258.46613 258.53565 258.61037 258.68985 258.77367 258.86143 258.95274 259.04721 259.14448 259.24421 259.34606 259.44972 259.55489 259.66131 259.76869 259.87682 259.98544 260.09437 260.2034 260.31235 260.42106 260.52939 260.63718 260.74433 260.85072
261.38989 261.16512 260.94333 260.72523 260.51156 260.30303 260.10035 259.9042 259.71526 259.53413 259.36142 259.19766 259.04334 258.8989 258.76472 258.6411 258.52831 258.42652 258.33586 258.25638 258.18807 258.13088 258.08467 258.04927 258.02446 258.00996 258.00547 258.01062 258.02506 258.04837 258.08014 258.11991 258.16724 258.22167 258.28273 258.34996 258.4229 258.50109 258.58409 258.67146 258.76278 258.85763 258.95564 259.05642 259.15961 259.26488 259.37189 259.48036 259.58999 259.70053 259.81171 259.92332 260.03514 260.14697 260.25864 260.36997 260.48083 260.59106 260.70056 260.80921
