layers/stnpress.tif
NCOLS 300
NROWS 300
XLLCORNER 108.422
YLLCORNER 2.17447
DX 0.11742
DY 0.06627
NODATA_VALUE -9999
[rows 260 to 285 of 300, columns 240 to 299 of 300]
1005.9388 1005.9399 1005.9411 1005.9422 1005.9433 1005.9445 1005.9456 1005.9468 1005.9479 1005.949 1005.9501 1005.9513 1005.9524 1005.9535 1005.9546 1005.9557 1005.9568 1005.9579 1005.959 1005.9601 1005.9611 1005.9622 1005.9633 1005.9643 1005.9654 1005.9664 1005.9675 1005.9685 1005.9695 1005.9706 1005.9716 1005.9726 1005.9736 1005.9746 1005.9756 1005.9766 1005.9775 1005.9785 1005.9795 1005.9804 1005.9814 1005.9823 1005.9832 1005.9842 1005.9851 1005.986 1005.9869 1005.9878 1005.9887 1005.9896 1005.9905 1005.9914 1005.9922 1005.9931 1005.994 1005.9948 1005.9957 1005.9965 1005.9973 1005.9982
1005.9404 1005.9415 1005.9426 1005.9438 1005.9449 1005.946 1005.9471 1005.9482 1005.9493 1005.9504 1005.9515 1005.9526 1005.9537 1005.9548 1005.9559 1005.9569 1005.958 1005.9591 1005.9602 1005.9612 1005.9623 1005.9633 1005.9644 1005.9654 1005.9665 1005.9675 1005.9685 1005.9695 1005.9705 1005.9715 1005.9725 1005.9735 1005.9745 1005.9755 1005.9765 1005.9775 1005.9784 1005.9794 1005.9803 1005.9813 1005.9822 1005.9831 1005.9841 1005.985 1005.9859 1005.9868 1005.9877 1005.9886 1005.9895 1005.9903 1005.9912 1005.9921 1005.9929 1005.9938 1005.9947 1005.9955 1005.9963 1005.9972 1005.998 1005.9988
1005.9421 1005.9431 1005.9442 1005.9453 1005.9464 1005.9475 1005.9486 1005.9496 1005.9507 1005.9518 1005.9529 1005.9539 1005.955 1005.9561 1005.9571 1005.9582 1005.9593 1005.9603 1005.9614 1005.9624 1005.9634 1005.9645 1005.9655 1005.9665 1005.9675 1005.9685 1005.9696 1005.9706 1005.9716 1005.9725 1005.9735 1005.9745 1005.9755 1005.9764 1005.9774 1005.9784 1005.9793 1005.9802 1005.9812 1005.9821 1005.983 1005.984 1005.9849 1005.9858 1005.9867 1005.9876 1005.9885 1005.9893 1005.9902 1005.9911 1005.9919 1005.9928 1005.9937 1005.9945 1005.9953 1005.9962 1005.997 1005.9978 1005.9986 1005.9994
1005.9437 1005.9448 1005.9458 1005.9469 1005.9479 1005.949 1005.95 1005.9511 1005.9521 1005.9532 1005.9542 1005.9553 1005.9563 1005.9574 1005.9584 1005.9595 1005.9605 1005.9615 1005.9626 1005.9636 1005.9646 1005.9656 1005.9666 1005.9676 1005.9686 1005.9696 1005.9706 1005.9716 1005.9726 1005.9735 1005.9745 1005.9755 1005.9764 1005.9774 1005.9783 1005.9793 1005.9802 1005.9811 1005.9821 1005.983 1005.9839 1005.9848 1005.9857 1005.9866 1005.9875 1005.9884 1005.9892 1005.9901 1005.991 1005.9918 1005.9927 1005.9935 1005.9944 1005.9952 1005.996 1005.9968 1005.9977 1005.9985 1005.9993 1006.0001
1005.9453 1005.9464 1005.9474 1005.9484 1005.9494 1005.9505 1005.9515 1005.9525 1005.9536 1005.9546 1005.9556 1005.9566 1005.9577 1005.9587 1005.9597 1005.9607 1005.9617 1005.9627 1005.9637 1005.9647 1005.9657 1005.9667 1005.9677 1005.9687 1005.9697 1005.9707 1005.9716 1005.9726 1005.9736 1005.9745 1005.9755 1005.9764 1005.9774 1005.9783 1005.9792 1005.9802 1005.9811 1005.982 1005.9829 1005.9838 1005.9847 1005.9856 1005.9865 1005.9874 1005.9883 1005.9891 1005.99 1005.9909 1005.9917 1005.9926 1005.9934 1005.9942 1005.9951 1005.9959 1005.9967 1005.9975 1005.9983 1005.9991 1005.9999 1006.0007
1005.947 1005.948 1005.949 1005.95 1005.951 1005.952 1005.953 1005.954 1005.955 1005.956 1005.957 1005.958 1005.959 1005.96 1005.961 1005.962 1005.963 1005.964 1005.9649 1005.9659 1005.9669 1005.9679 1005.9688 1005.9698 1005.9708 1005.9717 1005.9727 1005.9736 1005.9746 1005.9755 1005.9765 1005.9774 1005.9783 1005.9793 1005.9802 1005.9811 1005.982 1005.9829 1005.9838 1005.9847 1005.9856 1005.9864 1005.9873 1005.9882 1005.9891 1005.9899 1005.9908 1005.9916 1005.9925 1005.9933 1005.9941 1005.995 1005.9958 1005.9966 1005.9974 1005.9982 1005.999 1005.9998 1006.0006 1006.0014
1005.9486 1005.9496 1005.9506 1005.9515 1005.9525 1005.9535 1005.9544 1005.9554 1005.9564 1005.9574 1005.9584 1005.9593 1005.9603 1005.9613 1005.9623 1005.9632 1005.9642 1005.9652 1005.9661 1005.9671 1005.9681 1005.969 1005.97 1005.9709 1005.9719 1005.9728 1005.9737 1005.9747 1005.9756 1005.9765 1005.9775 1005.9784 1005.9793 1005.9802 1005.9811 1005.982 1005.9829 1005.9838 1005.9847 1005.9855 1005.9864 1005.9873 1005.9881 1005.989 1005.9899 1005.9907 1005.9915 1005.9924 1005.9932 1005.994 1005.9949 1005.9957 1005.9965 1005.9973 1005.9981 1005.9989 1005.9997 1006.0005 1006.0012 1006.002
1005.9503 1005.9512 1005.9521 1005.9531 1005.954 1005.955 1005.9559 1005.9569 1005.9578 1005.9588 1005.9597 1005.9607 1005.9616 1005.9626 1005.9635 1005.9645 1005.9654 1005.9664 1005.9673 1005.9683 1005.9692 1005.9702 1005.9711 1005.972 1005.9729 1005.9739 1005.9748 1005.9757 1005.9766 1005.9775 1005.9784 1005.9793 1005.9802 1005.9811 1005.982 1005.9829 1005.9838 1005.9847 1005.9855 1005.9864 1005.9873 1005.9881 1005.989 1005.9898 1005.9907 1005.9915 1005.9923 1005.9931 1005.994 1005.9948 1005.9956 1005.9964 1005.9972 1005.998 1005.9988 1005.9996 1006.0004 1006.0011 1006.0019 1006.0027
1005.9519 1005.9528 1005.9537 1005.9546 1005.9555 1005.9565 1005.9574 1005.9583 1005.9592 1005.9602 1005.9611 1005.962 1005.963 1005.9639 1005.9648 1005.9657 1005.9667 1005.9676 1005.9685 1005.9694 1005.9704 1005.9713 1005.9722 1005.9731 1005.974 1005.9749 1005.9758 1005.9767 1005.9776 1005.9785 1005.9794 1005.9803 1005.9812 1005.9821 1005.983 1005.9838 1005.9847 1005.9855 1005.9864 1005.9873 1005.9881 1005.989 1005.9898 1005.9906 1005.9915 1005.9923 1005.9931 1005.9939 1005.9947 1005.9955 1005.9963 1005.9971 1005.9979 1005.9987 1005.9995 1006.0003 1006.001 1006.0018 1006.0026 1006.0033
1005.9535 1005.9544 1005.9553 1005.9562 1005.9571 1005.9579 1005.9588 1005.9597 1005.9606 1005.9616 1005.9625 1005.9634 1005.9643 1005.9652 1005.9661 1005.967 1005.9679 1005.9688 1005.9697 1005.9706 1005.9715 1005.9724 1005.9733 1005.9742 1005.9751 1005.976 1005.9769 1005.9778 1005.9787 1005.9795 1005.9804 1005.9813 1005.9822 1005.983 1005.9839 1005.9847 1005.9856 1005.9864 1005.9873 1005.9881 1005.989 1005.9898 1005.9906 1005.9914 1005.9923 1005.9931 1005.9939 1005.9947 1005.9955 1005.9963 1005.9971 1005.9979 1005.9986 1005.9994 1006.0002 1006.0009 1006.0017 1006.0025 1006.0032 1006.004
1005.9551 1005.956 1005.9568 1005.9577 1005.9586 1005.9594 1005.9603 1005.9612 1005.9621 1005.9629 1005.9638 1005.9647 1005.9656 1005.9665 1005.9674 1005.9683 1005.9691 1005.97 1005.9709 1005.9718 1005.9727 1005.9736 1005.9744 1005.9753 1005.9762 1005.9771 1005.9779 1005.9788 1005.9797 1005.9805 1005.9814 1005.9823 1005.9831 1005.984 1005.9848 1005.9857 1005.9865 1005.9873 1005.9882 1005.989 1005.9898 1005.9906 1005.9914 1005.9923 1005.9931 1005.9939 1005.9947 1005.9954 1005.9962 1005.997 1005.9978 1005.9986 1005.9993 1006.0001 1006.0009 1006.0016 1006.0024 1006.0031 1006.0039 1006.0046
1005.9568 1005.9576 1005.9584 1005.9592 1005.9601 1005.9609 1005.9618 1005.9626 1005.9635 1005.9643 1005.9652 1005.9661 1005.9669 1005.9678 1005.9687 1005.9695 1005.9704 1005.9712 1005.9721 1005.973 1005.9738 1005.9747 1005.9756 1005.9764 1005.9773 1005.9781 1005.979 1005.9799 1005.9807 1005.9816 1005.9824 1005.9832 1005.9841 1005.9849 1005.9857 1005.9866 1005.9874 1005.9882 1005.989 1005.9898 1005.9907 1005.9915 1005.9923 1005.9931 1005.9939 1005.9947 1005.9954 1005.9962 1005.997 1005.9978 1005.9985 1005.9993 1006.0001 1006.0008 1006.0016 1006.0023 1006.0031 1006.0038 1006.0045 1006.0053
1005.9584 1005.9592 1005.96 1005.9608 1005.9616 1005.9624 1005.9632 1005.9641 1005.9649 1005.9657 1005.9666 1005.9674 1005.9682 1005.9691 1005.9699 1005.9708 1005.9716 1005.9725 1005.9733 1005.9742 1005.975 1005.9758 1005.9767 1005.9775 1005.9784 1005.9792 1005.9801 1005.9809 1005.9817 1005.9826 1005.9834 1005.9842 1005.985 1005.9859 1005.9867 1005.9875 1005.9883 1005.9891 1005.9899 1005.9907 1005.9915 1005.9923 1005.9931 1005.9939 1005.9947 1005.9954 1005.9962 1005.997 1005.9978 1005.9985 1005.9993 1006 1006.0008 1006.0015 1006.0023 1006.003 1006.0037 1006.0045 1006.0052 1006.0059
1005.96 1005.9608 1005.9615 1005.9623 1005.9631 1005.9639 1005.9647 1005.9655 1005.9663 1005.9671 1005.9679 1005.9687 1005.9696 1005.9704 1005.9712 1005.972 1005.9729 1005.9737 1005.9745 1005.9753 1005.9762 1005.977 1005.9778 1005.9786 1005.9795 1005.9803 1005.9811 1005.9819 1005.9827 1005.9836 1005.9844 1005.9852 1005.986 1005.9868 1005.9876 1005.9884 1005.9892 1005.99 1005.9908 1005.9916 1005.9924 1005.9931 1005.9939 1005.9947 1005.9955 1005.9962 1005.997 1005.9978 1005.9985 1005.9993 1006 1006.0008 1006.0015 1006.0022 1006.003 1006.0037 1006.0044 1006.0051 1006.0059 1006.0066
1005.9616 1005.9624 1005.9631 1005.9639 1005.9646 1005.9654 1005.9661 1005.9669 1005.9677 1005.9685 1005.9693 1005.9701 1005.9709 1005.9717 1005.9725 1005.9733 1005.9741 1005.9749 1005.9757 1005.9765 1005.9773 1005.9781 1005.9789 1005.9797 1005.9806 1005.9814 1005.9822 1005.983 1005.9838 1005.9846 1005.9854 1005.9862 1005.987 1005.9878 1005.9885 1005.9893 1005.9901 1005.9909 1005.9917 1005.9924 1005.9932 1005.994 1005.9948 1005.9955 1005.9963 1005.997 1005.9978 1005.9985 1005.9993 1006 1006.0008 1006.0015 1006.0022 1006.003 1006.0037 1006.0044 1006.0051 1006.0058 1006.0065 1006.0072
1005.9632 1005.9639 1005.9647 1005.9654 1005.9661 1005.9669 1005.9676 1005.9684 1005.9691 1005.9699 1005.9706 1005.9714 1005.9722 1005.973 1005.9738 1005.9745 1005.9753 1005.9761 1005.9769 1005.9777 1005.9785 1005.9793 1005.9801 1005.9808 1005.9816 1005.9824 1005.9832 1005.984 1005.9848 1005.9856 1005.9864 1005.9871 1005.9879 1005.9887 1005.9895 1005.9902 1005.991 1005.9918 1005.9926 1005.9933 1005.9941 1005.9948 1005.9956 1005.9963 1005.9971 1005.9978 1005.9986 1005.9993 1006 1006.0008 1006.0015 1006.0022 1006.003 1006.0037 1006.0044 1006.0051 1006.0058 1006.0065 1006.0072 1006.0079
1005.9648 1005.9655 1005.9662 1005.9669 1005.9676 1005.9683 1005.9691 1005.9698 1005.9705 1005.9713 1005.972 1005.9728 1005.9735 1005.9743 1005.975 1005.9758 1005.9766 1005.9773 1005.9781 1005.9789 1005.9796 1005.9804 1005.9812 1005.982 1005.9827 1005.9835 1005.9843 1005.985 1005.9858 1005.9866 1005.9874 1005.9881 1005.9889 1005.9896 1005.9904 1005.9912 1005.9919 1005.9927 1005.9934 1005.9942 1005.9949 1005.9957 1005.9964 1005.9972 1005.9979 1005.9986 1005.9994 1006.0001 1006.0008 1006.0015 1006.0022 1006.003 1006.0037 1006.0044 1006.0051 1006.0058 1006.0065 1006.0072 1006.0079 1006.0086
1005.9664 1005.9671 1005.9678 1005.9684 1005.9691 1005.9698 1005.9705 1005.9712 1005.9719 1005.9726 1005.9734 1005.9741 1005.9748 1005.9756 1005.9763 1005.977 1005.9778 1005.9785 1005.9793 1005.98 1005.9808 1005.9815 1005.9823 1005.9831 1005.9838 1005.9846 1005.9853 1005.9861 1005.9868 1005.9876 1005.9883 1005.9891 1005.9898 1005.9906 1005.9913 1005.9921 1005.9928 1005.9936 1005.9943 1005.9951 1005.9958 1005.9965 1005.9973 1005.998 1005.9987 1005.9994 1006.0001 1006.0009 1006.0016 1006.0023 1006.003 1006.0037 1006.0044 1006.0051 1006.0058 1006.0065 1006.0072 1006.0079 1006.0085 1006.0092
1005.968 1005.9687 1005.9693 1005.97 1005.9706 1005.9713 1005.972 1005.9726 1005.9733 1005.974 1005.9747 1005.9754 1005.9761 1005.9769 1005.9776 1005.9783 1005.979 1005.9797 1005.9805 1005.9812 1005.9819 1005.9827 1005.9834 1005.9842 1005.9849 1005.9856 1005.9864 1005.9871 1005.9879 1005.9886 1005.9893 1005.9901 1005.9908 1005.9915 1005.9923 1005.993 1005.9937 1005.9945 1005.9952 1005.9959 1005.9966 1005.9974 1005.9981 1005.9988 1005.9995 1006.0002 1006.0009 1006.0016 1006.0023 1006.003 1006.0037 1006.0044 1006.0051 1006.0058 1006.0065 1006.0072 1006.0079 1006.0085 1006.0092 1006.0099
1005.9696 1005.9702 1005.9708 1005.9715 1005.9721 1005.9727 1005.9734 1005.9741 1005.9747 1005.9754 1005.9761 1005.9768 1005.9774 1005.9781 1005.9788 1005.9795 1005.9802 1005.981 1005.9817 1005.9824 1005.9831 1005.9838 1005.9845 1005.9853 1005.986 1005.9867 1005.9874 1005.9882 1005.9889 1005.9896 1005.9903 1005.991 1005.9918 1005.9925 1005.9932 1005.9939 1005.9946 1005.9954 1005.9961 1005.9968 1005.9975 1005.9982 1005.9989 1005.9996 1006.0003 1006.001 1006.0017 1006.0024 1006.0031 1006.0038 1006.0045 1006.0052 1006.0059 1006.0065 1006.0072 1006.0079 1006.0085 1006.0092 1006.0099 1006.0105
1005.9712 1005.9718 1005.9724 1005.973 1005.9736 1005.9742 1005.9748 1005.9755 1005.9761 1005.9768 1005.9774 1005.9781 1005.9788 1005.9794 1005.9801 1005.9808 1005.9815 1005.9822 1005.9829 1005.9836 1005.9843 1005.985 1005.9857 1005.9864 1005.9871 1005.9878 1005.9885 1005.9892 1005.9899 1005.9906 1005.9913 1005.992 1005.9927 1005.9934 1005.9941 1005.9949 1005.9956 1005.9963 1005.997 1005.9977 1005.9984 1005.9991 1005.9998 1006.0004 1006.0011 1006.0018 1006.0025 1006.0032 1006.0039 1006.0046 1006.0052 1006.0059 1006.0066 1006.0072 1006.0079 1006.0086 1006.0092 1006.0099 1006.0105 1006.0112
1005.9728 1005.9734 1005.9739 1005.9745 1005.9751 1005.9757 1005.9763 1005.9769 1005.9775 1005.9781 1005.9788 1005.9794 1005.9801 1005.9807 1005.9814 1005.982 1005.9827 1005.9834 1005.984 1005.9847 1005.9854 1005.9861 1005.9868 1005.9875 1005.9882 1005.9888 1005.9895 1005.9902 1005.9909 1005.9916 1005.9923 1005.993 1005.9937 1005.9944 1005.9951 1005.9958 1005.9965 1005.9972 1005.9978 1005.9985 1005.9992 1005.9999 1006.0006 1006.0013 1006.0019 1006.0026 1006.0033 1006.004 1006.0046 1006.0053 1006.006 1006.0066 1006.0073 1006.008 1006.0086 1006.0093 1006.0099 1006.0106 1006.0112 1006.0119
1005.9744 1005.9749 1005.9755 1005.976 1005.9766 1005.9771 1005.9777 1005.9783 1005.9789 1005.9795 1005.9801 1005.9807 1005.9814 1005.982 1005.9826 1005.9833 1005.9839 1005.9846 1005.9852 1005.9859 1005.9866 1005.9872 1005.9879 1005.9886 1005.9892 1005.9899 1005.9906 1005.9913 1005.9919 1005.9926 1005.9933 1005.994 1005.9947 1005.9953 1005.996 1005.9967 1005.9974 1005.9981 1005.9987 1005.9994 1006.0001 1006.0008 1006.0014 1006.0021 1006.0028 1006.0034 1006.0041 1006.0048 1006.0054 1006.0061 1006.0067 1006.0074 1006.008 1006.0087 1006.0093 1006.01 1006.0106 1006.0113 1006.0119 1006.0125
1005.976 1005.9765 1005.977 1005.9775 1005.978 1005.9786 1005.9791 1005.9797 1005.9803 1005.9809 1005.9815 1005.9821 1005.9827 1005.9833 1005.9839 1005.9845 1005.9852 1005.9858 1005.9864 1005.9871 1005.9877 1005.9884 1005.989 1005.9897 1005.9903 1005.991 1005.9916 1005.9923 1005.993 1005.9936 1005.9943 1005.995 1005.9956 1005.9963 1005.997 1005.9976 1005.9983 1005.9989 1005.9996 1006.0003 1006.0009 1006.0016 1006.0023 1006.0029 1006.0036 1006.0042 1006.0049 1006.0055 1006.0062 1006.0068 1006.0075 1006.0081 1006.0088 1006.0094 1006.01 1006.0107 1006.0113 1006.0119 1006.0126 1006.0132
1005.9775 1005.978 1005.9785 1005.979 1005.9795 1005.98 1005.9806 1005.9811 1005.9817 1005.9822 1005.9828 1005.9834 1005.984 1005.9846 1005.9852 1005.9858 1005.9864 1005.987 1005.9876 1005.9882 1005.9889 1005.9895 1005.9901 1005.9908 1005.9914 1005.992 1005.9927 1005.9933 1005.994 1005.9946 1005.9953 1005.9959 1005.9966 1005.9972 1005.9979 1005.9985 1005.9992 1005.9998 1006.0005 1006.0011 1006.0018 1006.0024 1006.0031 1006.0037 1006.0044 1006.005 1006.0057 1006.0063 1006.007 1006.0076 1006.0082 1006.0089 1006.0095 1006.0101 1006.0108 1006.0114 1006.012 1006.0126 1006.0132 1006.0139
1005.9791 1005.9796 1005.98 1005.9805 1005.981 1005.9815 1005.982 1005.9825 1005.983 1005.9836 1005.9841 1005.9847 1005.9853 1005.9858 1005.9864 1005.987 1005.9876 1005.9882 1005.9888 1005.9894 1005.99 1005.9906 1005.9912 1005.9919 1005.9925 1005.9931 1005.9937 1005.9944 1005.995 1005.9956 1005.9963 1005.9969 1005.9975 1005.9982 1005.9988 1005.9995 1006.0001 1006.0007 1006.0014 1006.002 1006.0027 1006.0033 1006.0039 1006.0046 1006.0052 1006.0058 1006.0065 1006.0071 1006.0077 1006.0084 1006.009 1006.0096 1006.0102 1006.0108 1006.0115 1006.0121 1006.0127 1006.0133 1006.0139 1006.0145
