layers/stnpress.tif
NCOLS 300
NROWS 300
XLLCORNER 108.422
YLLCORNER 2.17447
DX 0.11742
DY 0.06627
NODATA_VALUE -9999
[rows 234 to 259 of 300, columns 60 to 119 of 300]
1006.6558 1006.6615 1006.6674 1006.6733 1006.6794 1006.6856 1006.692 1006.6985 1006.7051 1006.7119 1006.7188 1006.7259 1006.7331 1006.7405 1006.748 1006.7558 1006.7637 1006.7717 1006.7799 1006.7884 1006.797 1006.8057 1006.8147 1006.8239 1006.8332 1006.8427 1006.8525 1006.8624 1006.8725 1006.8828 1006.8933 1006.904 1006.9148 1006.9258 1006.9369 1006.9482 1006.9597 1006.9712 1006.9828 1006.9945 1007.0062 1007.0179 1007.0296 1007.0411 1007.0525 1007.0637 1007.0745 1007.0849 1007.0949 1007.1042 1007.1127 1007.1203 1007.1268 1007.1321 1007.1358 1007.1378 1007.1377 1007.1354 1007.1304 1007.1225
1006.6549 1006.6606 1006.6664 1006.6723 1006.6783 1006.6845 1006.6908 1006.6972 1006.7038 1006.7105 1006.7173 1006.7243 1006.7315 1006.7387 1006.7462 1006.7538 1006.7616 1006.7695 1006.7776 1006.7859 1006.7944 1006.803 1006.8118 1006.8208 1006.83 1006.8393 1006.8488 1006.8585 1006.8684 1006.8785 1006.8887 1006.8991 1006.9096 1006.9203 1006.9311 1006.9421 1006.9531 1006.9642 1006.9754 1006.9866 1006.9979 1007.009 1007.0201 1007.0311 1007.0419 1007.0524 1007.0625 1007.0723 1007.0815 1007.09 1007.0977 1007.1045 1007.1102 1007.1146 1007.1175 1007.1186 1007.1178 1007.1147 1007.1091 1007.1007
1006.6541 1006.6597 1006.6654 1006.6713 1006.6772 1006.6833 1006.6895 1006.6959 1006.7024 1006.709 1006.7158 1006.7227 1006.7297 1006.7369 1006.7443 1006.7518 1006.7595 1006.7673 1006.7753 1006.7834 1006.7917 1006.8002 1006.8088 1006.8177 1006.8266 1006.8358 1006.8451 1006.8546 1006.8642 1006.874 1006.884 1006.8941 1006.9044 1006.9147 1006.9252 1006.9358 1006.9465 1006.9572 1006.968 1006.9787 1006.9895 1007.0002 1007.0107 1007.0211 1007.0313 1007.0412 1007.0507 1007.0597 1007.0682 1007.076 1007.083 1007.089 1007.0939 1007.0975 1007.0996 1007.1 1007.0984 1007.0947 1007.0886 1007.0797
1006.6531 1006.6587 1006.6644 1006.6702 1006.6761 1006.6821 1006.6883 1006.6946 1006.701 1006.7075 1006.7142 1006.721 1006.728 1006.7351 1006.7423 1006.7497 1006.7573 1006.765 1006.7728 1006.7808 1006.789 1006.7973 1006.8058 1006.8145 1006.8233 1006.8322 1006.8413 1006.8506 1006.86 1006.8696 1006.8793 1006.8891 1006.8991 1006.9091 1006.9193 1006.9295 1006.9398 1006.9501 1006.9605 1006.9708 1006.9811 1006.9913 1007.0013 1007.0112 1007.0208 1007.0301 1007.0389 1007.0473 1007.0551 1007.0622 1007.0685 1007.0738 1007.0779 1007.0808 1007.0822 1007.0819 1007.0797 1007.0754 1007.0688 1007.0596
1006.6521 1006.6577 1006.6633 1006.669 1006.6749 1006.6809 1006.6869 1006.6932 1006.6995 1006.706 1006.7126 1006.7193 1006.7262 1006.7332 1006.7403 1006.7476 1006.755 1006.7626 1006.7703 1006.7782 1006.7862 1006.7944 1006.8027 1006.8112 1006.8198 1006.8286 1006.8375 1006.8465 1006.8557 1006.865 1006.8745 1006.884 1006.8937 1006.9035 1006.9133 1006.9232 1006.9331 1006.9431 1006.953 1006.9629 1006.9727 1006.9824 1006.992 1007.0013 1007.0103 1007.019 1007.0273 1007.0351 1007.0422 1007.0486 1007.0542 1007.0588 1007.0623 1007.0645 1007.0652 1007.0643 1007.0615 1007.0567 1007.0497 1007.0401
1006.6511 1006.6566 1006.6622 1006.6679 1006.6736 1006.6796 1006.6856 1006.6917 1006.698 1006.7044 1006.7109 1006.7175 1006.7243 1006.7312 1006.7383 1006.7454 1006.7528 1006.7602 1006.7678 1006.7755 1006.7834 1006.7914 1006.7996 1006.8079 1006.8163 1006.8249 1006.8336 1006.8424 1006.8514 1006.8605 1006.8696 1006.8789 1006.8883 1006.8978 1006.9073 1006.9168 1006.9264 1006.9359 1006.9455 1006.955 1006.9643 1006.9736 1006.9826 1006.9914 1006.9999 1007.0081 1007.0158 1007.0229 1007.0295 1007.0353 1007.0402 1007.0442 1007.047 1007.0486 1007.0487 1007.0472 1007.0439 1007.0387 1007.0313 1007.0215
1006.6501 1006.6555 1006.661 1006.6666 1006.6724 1006.6782 1006.6842 1006.6902 1006.6964 1006.7027 1006.7092 1006.7157 1006.7224 1006.7292 1006.7362 1006.7432 1006.7504 1006.7578 1006.7652 1006.7728 1006.7805 1006.7884 1006.7964 1006.8045 1006.8128 1006.8212 1006.8297 1006.8383 1006.847 1006.8558 1006.8648 1006.8738 1006.8829 1006.892 1006.9012 1006.9104 1006.9196 1006.9288 1006.938 1006.947 1006.956 1006.9648 1006.9733 1006.9817 1006.9897 1006.9973 1007.0044 1007.011 1007.0169 1007.0221 1007.0265 1007.0298 1007.0321 1007.0331 1007.0326 1007.0306 1007.0269 1007.0212 1007.0135 1007.0035
1006.649 1006.6544 1006.6598 1006.6654 1006.6711 1006.6768 1006.6827 1006.6887 1006.6948 1006.7011 1006.7074 1006.7139 1006.7205 1006.7272 1006.734 1006.741 1006.748 1006.7552 1006.7626 1006.77 1006.7776 1006.7853 1006.7932 1006.8011 1006.8092 1006.8174 1006.8257 1006.8341 1006.8426 1006.8512 1006.8598 1006.8686 1006.8774 1006.8862 1006.8951 1006.904 1006.9129 1006.9217 1006.9305 1006.9391 1006.9477 1006.956 1006.9641 1006.972 1006.9794 1006.9865 1006.9931 1006.9992 1007.0046 1007.0092 1007.013 1007.0158 1007.0175 1007.0179 1007.017 1007.0145 1007.0104 1007.0044 1006.9964 1006.9862
1006.6479 1006.6532 1006.6586 1006.6641 1006.6697 1006.6754 1006.6812 1006.6872 1006.6932 1006.6993 1006.7056 1006.712 1006.7185 1006.7251 1006.7318 1006.7386 1006.7456 1006.7527 1006.7599 1006.7672 1006.7746 1006.7822 1006.7899 1006.7977 1006.8055 1006.8135 1006.8216 1006.8298 1006.8381 1006.8465 1006.8549 1006.8634 1006.8719 1006.8805 1006.889 1006.8976 1006.9061 1006.9146 1006.923 1006.9313 1006.9394 1006.9473 1006.955 1006.9623 1006.9693 1006.9759 1006.982 1006.9875 1006.9924 1006.9965 1006.9998 1007.002 1007.0032 1007.0032 1007.0018 1006.9989 1006.9943 1006.988 1006.9798 1006.9696
1006.6468 1006.652 1006.6574 1006.6628 1006.6683 1006.674 1006.6797 1006.6856 1006.6915 1006.6976 1006.7038 1006.71 1006.7164 1006.7229 1006.7296 1006.7363 1006.7431 1006.7501 1006.7572 1006.7643 1006.7716 1006.779 1006.7865 1006.7942 1006.8019 1006.8097 1006.8176 1006.8255 1006.8336 1006.8417 1006.8499 1006.8581 1006.8664 1006.8746 1006.8829 1006.8912 1006.8994 1006.9075 1006.9155 1006.9234 1006.9311 1006.9386 1006.9459 1006.9528 1006.9593 1006.9654 1006.9711 1006.9761 1006.9805 1006.9841 1006.9868 1006.9886 1006.9893 1006.9888 1006.987 1006.9837 1006.9788 1006.9723 1006.9639 1006.9535
1006.6456 1006.6508 1006.6561 1006.6614 1006.6669 1006.6725 1006.6782 1006.6839 1006.6898 1006.6958 1006.7019 1006.7081 1006.7144 1006.7208 1006.7273 1006.7339 1006.7406 1006.7474 1006.7544 1006.7614 1006.7686 1006.7758 1006.7832 1006.7906 1006.7981 1006.8058 1006.8135 1006.8212 1006.8291 1006.837 1006.8449 1006.8529 1006.8608 1006.8688 1006.8768 1006.8847 1006.8926 1006.9004 1006.9081 1006.9156 1006.9229 1006.93 1006.9368 1006.9433 1006.9494 1006.9551 1006.9602 1006.9648 1006.9687 1006.9718 1006.9741 1006.9754 1006.9757 1006.9748 1006.9726 1006.9689 1006.9638 1006.957 1006.9484 1006.938
1006.6444 1006.6495 1006.6547 1006.66 1006.6655 1006.671 1006.6766 1006.6823 1006.6881 1006.694 1006.7 1006.706 1006.7122 1006.7185 1006.725 1006.7315 1006.7381 1006.7448 1006.7516 1006.7585 1006.7655 1006.7726 1006.7798 1006.787 1006.7944 1006.8018 1006.8093 1006.8169 1006.8245 1006.8322 1006.8399 1006.8476 1006.8553 1006.863 1006.8707 1006.8783 1006.8859 1006.8933 1006.9006 1006.9078 1006.9147 1006.9215 1006.9279 1006.934 1006.9396 1006.9449 1006.9496 1006.9537 1006.9571 1006.9598 1006.9617 1006.9626 1006.9624 1006.9611 1006.9585 1006.9546 1006.9492 1006.9422 1006.9335 1006.9231
1006.6431 1006.6482 1006.6534 1006.6586 1006.664 1006.6694 1006.6749 1006.6806 1006.6863 1006.6921 1006.698 1006.704 1006.7101 1006.7163 1006.7226 1006.729 1006.7355 1006.7421 1006.7487 1006.7555 1006.7624 1006.7693 1006.7763 1006.7834 1006.7906 1006.7978 1006.8051 1006.8125 1006.8199 1006.8273 1006.8348 1006.8423 1006.8497 1006.8572 1006.8646 1006.8719 1006.8791 1006.8863 1006.8932 1006.9001 1006.9066 1006.913 1006.919 1006.9247 1006.93 1006.9348 1006.9391 1006.9428 1006.9458 1006.9481 1006.9495 1006.95 1006.9495 1006.9478 1006.9449 1006.9407 1006.9351 1006.9279 1006.9191 1006.9087
1006.6419 1006.6469 1006.652 1006.6572 1006.6625 1006.6678 1006.6733 1006.6788 1006.6845 1006.6902 1006.696 1006.7019 1006.7079 1006.714 1006.7202 1006.7265 1006.7328 1006.7393 1006.7458 1006.7525 1006.7592 1006.766 1006.7728 1006.7798 1006.7868 1006.7938 1006.801 1006.8081 1006.8153 1006.8225 1006.8297 1006.837 1006.8442 1006.8513 1006.8584 1006.8655 1006.8724 1006.8792 1006.8859 1006.8924 1006.8986 1006.9046 1006.9102 1006.9155 1006.9204 1006.9249 1006.9287 1006.932 1006.9347 1006.9365 1006.9376 1006.9377 1006.9368 1006.9348 1006.9317 1006.9272 1006.9214 1006.9141 1006.9052 1006.8948
1006.6406 1006.6455 1006.6506 1006.6557 1006.6609 1006.6662 1006.6716 1006.677 1006.6826 1006.6882 1006.694 1006.6998 1006.7057 1006.7117 1006.7178 1006.7239 1006.7302 1006.7365 1006.7429 1006.7494 1006.756 1006.7626 1006.7693 1006.7761 1006.7829 1006.7898 1006.7967 1006.8037 1006.8107 1006.8177 1006.8247 1006.8316 1006.8386 1006.8455 1006.8523 1006.8591 1006.8657 1006.8723 1006.8786 1006.8847 1006.8906 1006.8963 1006.9016 1006.9065 1006.911 1006.9151 1006.9186 1006.9215 1006.9237 1006.9252 1006.9259 1006.9257 1006.9245 1006.9222 1006.9188 1006.9141 1006.9081 1006.9007 1006.8918 1006.8813
1006.6392 1006.6441 1006.6491 1006.6542 1006.6593 1006.6645 1006.6699 1006.6752 1006.6807 1006.6863 1006.6919 1006.6976 1006.7034 1006.7093 1006.7153 1006.7214 1006.7275 1006.7337 1006.74 1006.7463 1006.7528 1006.7593 1006.7658 1006.7724 1006.7791 1006.7858 1006.7925 1006.7993 1006.806 1006.8128 1006.8196 1006.8263 1006.833 1006.8397 1006.8463 1006.8527 1006.8591 1006.8653 1006.8713 1006.8771 1006.8827 1006.888 1006.893 1006.8976 1006.9017 1006.9054 1006.9086 1006.9111 1006.913 1006.9141 1006.9145 1006.9139 1006.9124 1006.9099 1006.9062 1006.9014 1006.8952 1006.8877 1006.8788 1006.8684
1006.6379 1006.6427 1006.6476 1006.6526 1006.6577 1006.6629 1006.6681 1006.6734 1006.6788 1006.6843 1006.6898 1006.6955 1006.7012 1006.707 1006.7128 1006.7188 1006.7248 1006.7309 1006.737 1006.7432 1006.7495 1006.7559 1006.7623 1006.7687 1006.7752 1006.7817 1006.7882 1006.7948 1006.8014 1006.8079 1006.8145 1006.821 1006.8275 1006.8339 1006.8402 1006.8464 1006.8525 1006.8584 1006.8641 1006.8696 1006.8749 1006.8799 1006.8845 1006.8887 1006.8926 1006.8959 1006.8987 1006.9009 1006.9025 1006.9033 1006.9033 1006.9025 1006.9007 1006.8979 1006.894 1006.889 1006.8827 1006.8751 1006.8662 1006.8558
1006.6365 1006.6413 1006.6461 1006.6511 1006.6561 1006.6612 1006.6663 1006.6716 1006.6769 1006.6823 1006.6877 1006.6933 1006.6989 1006.7045 1006.7103 1006.7161 1006.722 1006.728 1006.734 1006.7401 1006.7462 1006.7524 1006.7587 1006.765 1006.7713 1006.7776 1006.784 1006.7903 1006.7967 1006.8031 1006.8094 1006.8157 1006.8219 1006.8281 1006.8341 1006.8401 1006.8459 1006.8515 1006.857 1006.8622 1006.8671 1006.8718 1006.8761 1006.88 1006.8835 1006.8865 1006.889 1006.8909 1006.8921 1006.8927 1006.8924 1006.8913 1006.8893 1006.8862 1006.8822 1006.877 1006.8706 1006.8629 1006.854 1006.8437
1006.6351 1006.6398 1006.6446 1006.6495 1006.6544 1006.6594 1006.6645 1006.6697 1006.6749 1006.6802 1006.6856 1006.691 1006.6965 1006.7021 1006.7078 1006.7135 1006.7193 1006.7251 1006.731 1006.7369 1006.743 1006.749 1006.7551 1006.7612 1006.7674 1006.7735 1006.7797 1006.7859 1006.7921 1006.7982 1006.8043 1006.8104 1006.8164 1006.8223 1006.8281 1006.8338 1006.8393 1006.8447 1006.8499 1006.8548 1006.8594 1006.8638 1006.8678 1006.8714 1006.8746 1006.8773 1006.8795 1006.8811 1006.882 1006.8822 1006.8817 1006.8803 1006.8781 1006.8749 1006.8706 1006.8653 1006.8588 1006.8511 1006.8422 1006.8319
1006.6337 1006.6383 1006.6431 1006.6479 1006.6527 1006.6577 1006.6627 1006.6678 1006.6729 1006.6781 1006.6834 1006.6888 1006.6942 1006.6997 1006.7052 1006.7108 1006.7165 1006.7222 1006.728 1006.7338 1006.7396 1006.7455 1006.7515 1006.7574 1006.7634 1006.7694 1006.7754 1006.7814 1006.7874 1006.7933 1006.7992 1006.8051 1006.8109 1006.8165 1006.8221 1006.8276 1006.8328 1006.8379 1006.8428 1006.8475 1006.8518 1006.8559 1006.8596 1006.8629 1006.8658 1006.8682 1006.8701 1006.8714 1006.8721 1006.872 1006.8713 1006.8697 1006.8672 1006.8638 1006.8594 1006.8539 1006.8474 1006.8396 1006.8307 1006.8206
1006.6322 1006.6368 1006.6415 1006.6462 1006.651 1006.6559 1006.6608 1006.6658 1006.6709 1006.676 1006.6812 1006.6865 1006.6918 1006.6972 1006.7026 1006.7081 1006.7136 1006.7192 1006.7249 1006.7306 1006.7363 1006.7421 1006.7478 1006.7537 1006.7595 1006.7653 1006.7711 1006.7769 1006.7827 1006.7885 1006.7942 1006.7998 1006.8054 1006.8108 1006.8162 1006.8213 1006.8264 1006.8312 1006.8358 1006.8402 1006.8443 1006.8481 1006.8515 1006.8546 1006.8572 1006.8593 1006.8609 1006.8619 1006.8623 1006.8621 1006.861 1006.8592 1006.8565 1006.853 1006.8484 1006.8429 1006.8362 1006.8285 1006.8196 1006.8096
1006.6307 1006.6353 1006.6399 1006.6445 1006.6493 1006.6541 1006.6589 1006.6639 1006.6688 1006.6739 1006.679 1006.6842 1006.6894 1006.6947 1006.7 1006.7054 1006.7108 1006.7163 1006.7218 1006.7274 1006.733 1006.7386 1006.7442 1006.7499 1006.7555 1006.7612 1006.7668 1006.7725 1006.7781 1006.7836 1006.7891 1006.7945 1006.7999 1006.8051 1006.8102 1006.8152 1006.82 1006.8246 1006.8289 1006.8331 1006.8369 1006.8404 1006.8436 1006.8463 1006.8487 1006.8505 1006.8519 1006.8527 1006.8528 1006.8523 1006.851 1006.849 1006.8462 1006.8424 1006.8378 1006.8321 1006.8255 1006.8177 1006.8089 1006.7989
1006.6292 1006.6337 1006.6383 1006.6429 1006.6475 1006.6522 1006.657 1006.6619 1006.6668 1006.6717 1006.6767 1006.6818 1006.6869 1006.6921 1006.6974 1006.7026 1006.7079 1006.7133 1006.7187 1006.7241 1006.7296 1006.7351 1006.7406 1006.7461 1006.7516 1006.7571 1006.7625 1006.768 1006.7734 1006.7788 1006.7841 1006.7893 1006.7944 1006.7994 1006.8043 1006.8091 1006.8136 1006.818 1006.8221 1006.826 1006.8295 1006.8328 1006.8357 1006.8382 1006.8403 1006.8419 1006.843 1006.8435 1006.8435 1006.8427 1006.8413 1006.8391 1006.836 1006.8322 1006.8274 1006.8217 1006.815 1006.8072 1006.7984 1006.7885
1006.6277 1006.6321 1006.6366 1006.6411 1006.6457 1006.6504 1006.6551 1006.6599 1006.6647 1006.6696 1006.6745 1006.6795 1006.6845 1006.6896 1006.6947 1006.6999 1006.7051 1006.7103 1006.7156 1006.7209 1006.7262 1006.7315 1006.7369 1006.7423 1006.7476 1006.7529 1006.7582 1006.7635 1006.7688 1006.7739 1006.7791 1006.7841 1006.789 1006.7938 1006.7985 1006.803 1006.8073 1006.8114 1006.8153 1006.8189 1006.8223 1006.8253 1006.828 1006.8302 1006.8321 1006.8334 1006.8343 1006.8346 1006.8343 1006.8333 1006.8317 1006.8293 1006.8262 1006.8222 1006.8173 1006.8115 1006.8048 1006.7971 1006.7883 1006.7785
1006.6262 1006.6305 1006.6349 1006.6394 1006.6439 1006.6485 1006.6531 1006.6578 1006.6626 1006.6674 1006.6722 1006.6771 1006.682 1006.687 1006.692 1006.6971 1006.7022 1006.7073 1006.7125 1006.7176 1006.7228 1006.728 1006.7332 1006.7384 1006.7436 1006.7488 1006.754 1006.7591 1006.7641 1006.7691 1006.774 1006.7789 1006.7836 1006.7882 1006.7927 1006.7969 1006.801 1006.8049 1006.8086 1006.812 1006.8151 1006.8179 1006.8203 1006.8223 1006.8239 1006.8251 1006.8257 1006.8258 1006.8253 1006.8242 1006.8224 1006.8198 1006.8165 1006.8124 1006.8075 1006.8016 1006.7949 1006.7872 1006.7785 1006.7688
1006.6246 1006.6289 1006.6332 1006.6377 1006.6421 1006.6466 1006.6512 1006.6558 1006.6604 1006.6652 1006.6699 1006.6747 1006.6795 1006.6844 1006.6893 1006.6943 1006.6993 1006.7043 1006.7093 1006.7144 1006.7194 1006.7245 1006.7296 1006.7346 1006.7397 1006.7447 1006.7497 1006.7546 1006.7595 1006.7643 1006.7691 1006.7737 1006.7782 1006.7826 1006.7869 1006.791 1006.7948 1006.7985 1006.802 1006.8051 1006.808 1006.8106 1006.8128 1006.8146 1006.816 1006.8169 1006.8173 1006.8172 1006.8165 1006.8152 1006.8132 1006.8105 1006.8071 1006.8029 1006.7979 1006.792 1006.7852 1006.7776 1006.7689 1006.7594
