layers/stnpress.tif
NCOLS 300
NROWS 300
XLLCORNER 108.422
YLLCORNER 2.17447
DX 0.11742
DY 0.06627
NODATA_VALUE -9999
[rows 156 to 181 of 300, columns 240 to 299 of 300]
1005.8155 1005.8191 1005.8226 1005.826 1005.8294 1005.8328 1005.836 1005.8392 1005.8424 1005.8455 1005.8485 1005.8515 1005.8544 1005.8573 1005.8601 1005.8629 1005.8656 1005.8683 1005.871 1005.8736 1005.8761 1005.8786 1005.8811 1005.8836 1005.8859 1005.8883 1005.8906 1005.8929 1005.8952 1005.8974 1005.8995 1005.9017 1005.9038 1005.9059 1005.9079 1005.91 1005.912 1005.9139 1005.9158 1005.9178 1005.9196 1005.9215 1005.9233 1005.9251 1005.9269 1005.9286 1005.9304 1005.9321 1005.9338 1005.9354 1005.9371 1005.9387 1005.9403 1005.9418 1005.9434 1005.9449 1005.9464 1005.9479 1005.9494 1005.9509
1005.8158 1005.8194 1005.8229 1005.8263 1005.8297 1005.8331 1005.8363 1005.8395 1005.8427 1005.8458 1005.8488 1005.8518 1005.8547 1005.8576 1005.8604 1005.8632 1005.8659 1005.8686 1005.8713 1005.8739 1005.8764 1005.8789 1005.8814 1005.8838 1005.8862 1005.8886 1005.8909 1005.8932 1005.8954 1005.8976 1005.8998 1005.9019 1005.9041 1005.9061 1005.9082 1005.9102 1005.9122 1005.9142 1005.9161 1005.918 1005.9199 1005.9217 1005.9236 1005.9254 1005.9271 1005.9289 1005.9306 1005.9323 1005.934 1005.9356 1005.9373 1005.9389 1005.9405 1005.9421 1005.9436 1005.9451 1005.9467 1005.9481 1005.9496 1005.9511
1005.8161 1005.8197 1005.8232 1005.8267 1005.83 1005.8334 1005.8366 1005.8398 1005.843 1005.8461 1005.8491 1005.8521 1005.855 1005.8579 1005.8607 1005.8635 1005.8662 1005.8689 1005.8715 1005.8741 1005.8767 1005.8792 1005.8817 1005.8841 1005.8865 1005.8888 1005.8912 1005.8934 1005.8957 1005.8979 1005.9001 1005.9022 1005.9043 1005.9064 1005.9084 1005.9105 1005.9125 1005.9144 1005.9163 1005.9182 1005.9201 1005.922 1005.9238 1005.9256 1005.9274 1005.9291 1005.9308 1005.9325 1005.9342 1005.9359 1005.9375 1005.9391 1005.9407 1005.9423 1005.9438 1005.9454 1005.9469 1005.9484 1005.9498 1005.9513
1005.8164 1005.82 1005.8235 1005.827 1005.8304 1005.8337 1005.837 1005.8402 1005.8433 1005.8464 1005.8494 1005.8524 1005.8553 1005.8582 1005.861 1005.8638 1005.8665 1005.8692 1005.8719 1005.8744 1005.877 1005.8795 1005.882 1005.8844 1005.8868 1005.8891 1005.8914 1005.8937 1005.896 1005.8982 1005.9003 1005.9025 1005.9046 1005.9067 1005.9087 1005.9107 1005.9127 1005.9147 1005.9166 1005.9185 1005.9204 1005.9222 1005.924 1005.9258 1005.9276 1005.9294 1005.9311 1005.9328 1005.9345 1005.9361 1005.9377 1005.9394 1005.9409 1005.9425 1005.9441 1005.9456 1005.9471 1005.9486 1005.9501 1005.9515
1005.8168 1005.8204 1005.8239 1005.8274 1005.8307 1005.8341 1005.8373 1005.8405 1005.8437 1005.8467 1005.8498 1005.8527 1005.8557 1005.8585 1005.8614 1005.8641 1005.8669 1005.8695 1005.8722 1005.8748 1005.8773 1005.8798 1005.8823 1005.8847 1005.8871 1005.8894 1005.8917 1005.894 1005.8963 1005.8985 1005.9006 1005.9028 1005.9049 1005.907 1005.909 1005.911 1005.913 1005.9149 1005.9169 1005.9188 1005.9206 1005.9225 1005.9243 1005.9261 1005.9279 1005.9296 1005.9313 1005.933 1005.9347 1005.9364 1005.938 1005.9396 1005.9412 1005.9427 1005.9443 1005.9458 1005.9473 1005.9488 1005.9503 1005.9517
1005.8172 1005.8208 1005.8243 1005.8277 1005.8311 1005.8344 1005.8377 1005.8409 1005.844 1005.8471 1005.8501 1005.8531 1005.856 1005.8589 1005.8617 1005.8645 1005.8672 1005.8699 1005.8725 1005.8751 1005.8776 1005.8801 1005.8826 1005.885 1005.8874 1005.8897 1005.8921 1005.8943 1005.8966 1005.8988 1005.9009 1005.9031 1005.9052 1005.9072 1005.9093 1005.9113 1005.9133 1005.9152 1005.9171 1005.919 1005.9209 1005.9228 1005.9246 1005.9264 1005.9281 1005.9299 1005.9316 1005.9333 1005.935 1005.9366 1005.9382 1005.9398 1005.9414 1005.943 1005.9445 1005.9461 1005.9476 1005.949 1005.9505 1005.952
1005.8176 1005.8212 1005.8247 1005.8281 1005.8315 1005.8348 1005.8381 1005.8413 1005.8444 1005.8475 1005.8505 1005.8535 1005.8564 1005.8593 1005.8621 1005.8648 1005.8676 1005.8702 1005.8729 1005.8754 1005.878 1005.8805 1005.8829 1005.8853 1005.8877 1005.8901 1005.8924 1005.8946 1005.8969 1005.8991 1005.9012 1005.9034 1005.9055 1005.9075 1005.9096 1005.9116 1005.9136 1005.9155 1005.9174 1005.9193 1005.9212 1005.923 1005.9248 1005.9266 1005.9284 1005.9301 1005.9319 1005.9335 1005.9352 1005.9369 1005.9385 1005.9401 1005.9417 1005.9432 1005.9448 1005.9463 1005.9478 1005.9493 1005.9507 1005.9522
1005.818 1005.8216 1005.8251 1005.8285 1005.8319 1005.8352 1005.8385 1005.8417 1005.8448 1005.8479 1005.8509 1005.8539 1005.8568 1005.8596 1005.8624 1005.8652 1005.8679 1005.8706 1005.8732 1005.8758 1005.8783 1005.8808 1005.8833 1005.8857 1005.8881 1005.8904 1005.8927 1005.895 1005.8972 1005.8994 1005.9016 1005.9037 1005.9058 1005.9078 1005.9099 1005.9119 1005.9139 1005.9158 1005.9177 1005.9196 1005.9215 1005.9233 1005.9251 1005.9269 1005.9287 1005.9304 1005.9321 1005.9338 1005.9355 1005.9371 1005.9387 1005.9403 1005.9419 1005.9435 1005.945 1005.9465 1005.948 1005.9495 1005.951 1005.9524
1005.8185 1005.822 1005.8255 1005.829 1005.8324 1005.8357 1005.8389 1005.8421 1005.8452 1005.8483 1005.8513 1005.8543 1005.8572 1005.86 1005.8628 1005.8656 1005.8683 1005.871 1005.8736 1005.8762 1005.8787 1005.8812 1005.8836 1005.886 1005.8884 1005.8907 1005.893 1005.8953 1005.8975 1005.8997 1005.9019 1005.904 1005.9061 1005.9082 1005.9102 1005.9122 1005.9142 1005.9161 1005.918 1005.9199 1005.9218 1005.9236 1005.9254 1005.9272 1005.929 1005.9307 1005.9324 1005.9341 1005.9358 1005.9374 1005.939 1005.9406 1005.9422 1005.9437 1005.9453 1005.9468 1005.9483 1005.9498 1005.9512 1005.9527
1005.8189 1005.8225 1005.826 1005.8294 1005.8328 1005.8361 1005.8393 1005.8425 1005.8456 1005.8487 1005.8517 1005.8547 1005.8576 1005.8604 1005.8632 1005.866 1005.8687 1005.8714 1005.874 1005.8765 1005.8791 1005.8816 1005.884 1005.8864 1005.8888 1005.8911 1005.8934 1005.8957 1005.8979 1005.9001 1005.9022 1005.9043 1005.9064 1005.9085 1005.9105 1005.9125 1005.9145 1005.9164 1005.9183 1005.9202 1005.9221 1005.9239 1005.9257 1005.9275 1005.9292 1005.931 1005.9327 1005.9344 1005.936 1005.9377 1005.9393 1005.9409 1005.9425 1005.944 1005.9455 1005.9471 1005.9486 1005.95 1005.9515 1005.9529
1005.8194 1005.823 1005.8265 1005.8299 1005.8333 1005.8366 1005.8398 1005.843 1005.8461 1005.8492 1005.8522 1005.8551 1005.858 1005.8609 1005.8637 1005.8664 1005.8691 1005.8718 1005.8744 1005.8769 1005.8795 1005.8819 1005.8844 1005.8868 1005.8891 1005.8915 1005.8938 1005.896 1005.8982 1005.9004 1005.9026 1005.9047 1005.9068 1005.9088 1005.9109 1005.9128 1005.9148 1005.9167 1005.9187 1005.9205 1005.9224 1005.9242 1005.926 1005.9278 1005.9295 1005.9313 1005.933 1005.9347 1005.9363 1005.938 1005.9396 1005.9412 1005.9427 1005.9443 1005.9458 1005.9473 1005.9488 1005.9503 1005.9517 1005.9532
1005.82 1005.8235 1005.827 1005.8304 1005.8338 1005.8371 1005.8403 1005.8435 1005.8466 1005.8496 1005.8526 1005.8556 1005.8585 1005.8613 1005.8641 1005.8668 1005.8695 1005.8722 1005.8748 1005.8773 1005.8799 1005.8823 1005.8848 1005.8872 1005.8895 1005.8919 1005.8941 1005.8964 1005.8986 1005.9008 1005.9029 1005.905 1005.9071 1005.9092 1005.9112 1005.9132 1005.9151 1005.9171 1005.919 1005.9209 1005.9227 1005.9245 1005.9263 1005.9281 1005.9299 1005.9316 1005.9333 1005.935 1005.9366 1005.9382 1005.9399 1005.9414 1005.943 1005.9446 1005.9461 1005.9476 1005.9491 1005.9506 1005.952 1005.9534
1005.8205 1005.824 1005.8275 1005.8309 1005.8343 1005.8376 1005.8408 1005.8439 1005.8471 1005.8501 1005.8531 1005.856 1005.8589 1005.8617 1005.8645 1005.8673 1005.87 1005.8726 1005.8752 1005.8778 1005.8803 1005.8828 1005.8852 1005.8876 1005.8899 1005.8922 1005.8945 1005.8968 1005.899 1005.9012 1005.9033 1005.9054 1005.9075 1005.9095 1005.9115 1005.9135 1005.9155 1005.9174 1005.9193 1005.9212 1005.923 1005.9249 1005.9267 1005.9284 1005.9302 1005.9319 1005.9336 1005.9353 1005.9369 1005.9385 1005.9402 1005.9417 1005.9433 1005.9448 1005.9464 1005.9479 1005.9494 1005.9508 1005.9523 1005.9537
1005.8211 1005.8246 1005.8281 1005.8315 1005.8348 1005.8381 1005.8413 1005.8445 1005.8476 1005.8506 1005.8536 1005.8565 1005.8594 1005.8622 1005.865 1005.8677 1005.8704 1005.8731 1005.8756 1005.8782 1005.8807 1005.8832 1005.8856 1005.888 1005.8903 1005.8926 1005.8949 1005.8972 1005.8994 1005.9015 1005.9037 1005.9058 1005.9079 1005.9099 1005.9119 1005.9139 1005.9158 1005.9178 1005.9197 1005.9215 1005.9234 1005.9252 1005.927 1005.9287 1005.9305 1005.9322 1005.9339 1005.9356 1005.9372 1005.9388 1005.9405 1005.942 1005.9436 1005.9451 1005.9467 1005.9482 1005.9496 1005.9511 1005.9526 1005.954
1005.8216 1005.8252 1005.8286 1005.832 1005.8354 1005.8386 1005.8418 1005.845 1005.8481 1005.8511 1005.8541 1005.857 1005.8599 1005.8627 1005.8655 1005.8682 1005.8709 1005.8735 1005.8761 1005.8786 1005.8811 1005.8836 1005.886 1005.8884 1005.8908 1005.8931 1005.8953 1005.8976 1005.8998 1005.9019 1005.9041 1005.9062 1005.9082 1005.9103 1005.9123 1005.9143 1005.9162 1005.9181 1005.92 1005.9219 1005.9237 1005.9255 1005.9273 1005.9291 1005.9308 1005.9325 1005.9342 1005.9359 1005.9375 1005.9392 1005.9408 1005.9423 1005.9439 1005.9454 1005.947 1005.9485 1005.9499 1005.9514 1005.9528 1005.9543
1005.8222 1005.8258 1005.8292 1005.8326 1005.8359 1005.8392 1005.8424 1005.8455 1005.8486 1005.8516 1005.8546 1005.8575 1005.8604 1005.8632 1005.866 1005.8687 1005.8714 1005.874 1005.8766 1005.8791 1005.8816 1005.8841 1005.8865 1005.8888 1005.8912 1005.8935 1005.8958 1005.898 1005.9002 1005.9023 1005.9045 1005.9066 1005.9086 1005.9107 1005.9127 1005.9146 1005.9166 1005.9185 1005.9204 1005.9222 1005.9241 1005.9259 1005.9277 1005.9294 1005.9312 1005.9329 1005.9346 1005.9362 1005.9379 1005.9395 1005.9411 1005.9426 1005.9442 1005.9457 1005.9473 1005.9488 1005.9502 1005.9517 1005.9531 1005.9545
1005.8229 1005.8264 1005.8298 1005.8332 1005.8365 1005.8398 1005.843 1005.8461 1005.8492 1005.8522 1005.8551 1005.8581 1005.8609 1005.8637 1005.8665 1005.8692 1005.8719 1005.8745 1005.877 1005.8796 1005.8821 1005.8845 1005.8869 1005.8893 1005.8916 1005.8939 1005.8962 1005.8984 1005.9006 1005.9027 1005.9049 1005.907 1005.909 1005.911 1005.913 1005.915 1005.917 1005.9189 1005.9207 1005.9226 1005.9244 1005.9262 1005.928 1005.9298 1005.9315 1005.9332 1005.9349 1005.9365 1005.9382 1005.9398 1005.9414 1005.943 1005.9445 1005.9461 1005.9476 1005.9491 1005.9505 1005.952 1005.9534 1005.9548
1005.8235 1005.827 1005.8305 1005.8338 1005.8371 1005.8404 1005.8435 1005.8467 1005.8497 1005.8527 1005.8557 1005.8586 1005.8614 1005.8642 1005.867 1005.8697 1005.8724 1005.875 1005.8775 1005.8801 1005.8825 1005.885 1005.8874 1005.8898 1005.8921 1005.8944 1005.8966 1005.8988 1005.901 1005.9032 1005.9053 1005.9074 1005.9094 1005.9114 1005.9134 1005.9154 1005.9173 1005.9192 1005.9211 1005.923 1005.9248 1005.9266 1005.9284 1005.9301 1005.9318 1005.9336 1005.9352 1005.9369 1005.9385 1005.9401 1005.9417 1005.9433 1005.9448 1005.9464 1005.9479 1005.9494 1005.9508 1005.9523 1005.9537 1005.9551
1005.8242 1005.8277 1005.8311 1005.8345 1005.8378 1005.841 1005.8442 1005.8473 1005.8503 1005.8533 1005.8563 1005.8592 1005.862 1005.8648 1005.8675 1005.8702 1005.8729 1005.8755 1005.878 1005.8806 1005.883 1005.8855 1005.8879 1005.8902 1005.8925 1005.8948 1005.8971 1005.8993 1005.9015 1005.9036 1005.9057 1005.9078 1005.9098 1005.9119 1005.9138 1005.9158 1005.9177 1005.9196 1005.9215 1005.9234 1005.9252 1005.927 1005.9287 1005.9305 1005.9322 1005.9339 1005.9356 1005.9372 1005.9389 1005.9405 1005.9421 1005.9436 1005.9452 1005.9467 1005.9482 1005.9497 1005.9511 1005.9526 1005.954 1005.9554
1005.8249 1005.8284 1005.8318 1005.8351 1005.8384 1005.8416 1005.8448 1005.8479 1005.8509 1005.8539 1005.8569 1005.8597 1005.8626 1005.8654 1005.8681 1005.8708 1005.8734 1005.876 1005.8786 1005.8811 1005.8835 1005.886 1005.8884 1005.8907 1005.893 1005.8953 1005.8975 1005.8997 1005.9019 1005.9041 1005.9062 1005.9082 1005.9103 1005.9123 1005.9143 1005.9162 1005.9181 1005.92 1005.9219 1005.9237 1005.9256 1005.9274 1005.9291 1005.9309 1005.9326 1005.9343 1005.9359 1005.9376 1005.9392 1005.9408 1005.9424 1005.944 1005.9455 1005.947 1005.9485 1005.95 1005.9515 1005.9529 1005.9543 1005.9557
1005.8256 1005.8291 1005.8325 1005.8358 1005.8391 1005.8423 1005.8454 1005.8485 1005.8515 1005.8545 1005.8575 1005.8603 1005.8632 1005.8659 1005.8687 1005.8713 1005.874 1005.8766 1005.8791 1005.8816 1005.8841 1005.8865 1005.8889 1005.8912 1005.8935 1005.8958 1005.898 1005.9002 1005.9024 1005.9045 1005.9066 1005.9087 1005.9107 1005.9127 1005.9147 1005.9166 1005.9186 1005.9204 1005.9223 1005.9241 1005.926 1005.9277 1005.9295 1005.9312 1005.9329 1005.9346 1005.9363 1005.9379 1005.9396 1005.9412 1005.9427 1005.9443 1005.9458 1005.9473 1005.9488 1005.9503 1005.9518 1005.9532 1005.9546 1005.9561
1005.8263 1005.8298 1005.8332 1005.8365 1005.8397 1005.8429 1005.8461 1005.8492 1005.8522 1005.8552 1005.8581 1005.8609 1005.8638 1005.8665 1005.8692 1005.8719 1005.8745 1005.8771 1005.8796 1005.8821 1005.8846 1005.887 1005.8894 1005.8917 1005.894 1005.8963 1005.8985 1005.9007 1005.9028 1005.905 1005.9071 1005.9091 1005.9112 1005.9132 1005.9151 1005.9171 1005.919 1005.9209 1005.9227 1005.9245 1005.9264 1005.9281 1005.9299 1005.9316 1005.9333 1005.935 1005.9367 1005.9383 1005.9399 1005.9415 1005.9431 1005.9446 1005.9462 1005.9477 1005.9492 1005.9507 1005.9521 1005.9535 1005.955 1005.9564
1005.8271 1005.8305 1005.8339 1005.8372 1005.8404 1005.8436 1005.8468 1005.8498 1005.8528 1005.8558 1005.8587 1005.8616 1005.8644 1005.8671 1005.8698 1005.8725 1005.8751 1005.8777 1005.8802 1005.8827 1005.8851 1005.8875 1005.8899 1005.8922 1005.8945 1005.8968 1005.899 1005.9012 1005.9033 1005.9054 1005.9075 1005.9096 1005.9116 1005.9136 1005.9156 1005.9175 1005.9194 1005.9213 1005.9231 1005.925 1005.9268 1005.9285 1005.9303 1005.932 1005.9337 1005.9354 1005.937 1005.9387 1005.9403 1005.9419 1005.9435 1005.945 1005.9465 1005.948 1005.9495 1005.951 1005.9524 1005.9539 1005.9553 1005.9567
1005.8278 1005.8313 1005.8346 1005.8379 1005.8412 1005.8443 1005.8475 1005.8505 1005.8535 1005.8565 1005.8594 1005.8622 1005.865 1005.8677 1005.8704 1005.8731 1005.8757 1005.8783 1005.8808 1005.8832 1005.8857 1005.8881 1005.8904 1005.8928 1005.895 1005.8973 1005.8995 1005.9017 1005.9038 1005.9059 1005.908 1005.9101 1005.9121 1005.9141 1005.916 1005.9179 1005.9198 1005.9217 1005.9236 1005.9254 1005.9272 1005.9289 1005.9307 1005.9324 1005.9341 1005.9358 1005.9374 1005.9391 1005.9407 1005.9423 1005.9438 1005.9454 1005.9469 1005.9484 1005.9499 1005.9513 1005.9528 1005.9542 1005.9556 1005.957
1005.8286 1005.8321 1005.8354 1005.8387 1005.8419 1005.8451 1005.8482 1005.8512 1005.8542 1005.8571 1005.86 1005.8629 1005.8656 1005.8684 1005.8711 1005.8737 1005.8763 1005.8788 1005.8814 1005.8838 1005.8862 1005.8886 1005.891 1005.8933 1005.8956 1005.8978 1005.9 1005.9022 1005.9043 1005.9064 1005.9085 1005.9105 1005.9125 1005.9145 1005.9165 1005.9184 1005.9203 1005.9222 1005.924 1005.9258 1005.9276 1005.9294 1005.9311 1005.9328 1005.9345 1005.9362 1005.9378 1005.9394 1005.941 1005.9426 1005.9442 1005.9457 1005.9472 1005.9487 1005.9502 1005.9517 1005.9531 1005.9546 1005.956 1005.9574
1005.8295 1005.8329 1005.8362 1005.8395 1005.8427 1005.8458 1005.8489 1005.8519 1005.8549 1005.8578 1005.8607 1005.8635 1005.8663 1005.869 1005.8717 1005.8743 1005.8769 1005.8795 1005.882 1005.8844 1005.8868 1005.8892 1005.8915 1005.8938 1005.8961 1005.8983 1005.9005 1005.9027 1005.9048 1005.9069 1005.909 1005.911 1005.913 1005.915 1005.9169 1005.9189 1005.9207 1005.9226 1005.9244 1005.9262 1005.928 1005.9298 1005.9315 1005.9332 1005.9349 1005.9366 1005.9382 1005.9398 1005.9414 1005.943 1005.9446 1005.9461 1005.9476 1005.9491 1005.9506 1005.952 1005.9535 1005.9549 1005.9563 1005.9577
