layers/stnpress.tif
NCOLS 300
NROWS 300
XLLCORNER 108.422
YLLCORNER 2.17447
DX 0.11742
DY 0.06627
NODATA_VALUE -9999
[rows 260 to 285 of 300, columns 180 to 239 of 300]
1005.9321 1005.929 1005.9261 1005.9234 1005.921 1005.9188 1005.9168 1005.915 1005.9133 1005.9119 1005.9106 1005.9095 1005.9085 1005.9077 1005.907 1005.9064 1005.9059 1005.9056 1005.9053 1005.9052 1005.9052 1005.9052 1005.9053 1005.9055 1005.9058 1005.9061 1005.9065 1005.907 1005.9075 1005.9081 1005.9087 1005.9094 1005.9101 1005.9108 1005.9116 1005.9124 1005.9133 1005.9142 1005.9151 1005.916 1005.917 1005.918 1005.919 1005.92 1005.921 1005.9221 1005.9231 1005.9242 1005.9253 1005.9264 1005.9275 1005.9286 1005.9297 1005.9308 1005.932 1005.9331 1005.9342 1005.9354 1005.9365 1005.9376
1005.9374 1005.9342 1005.9312 1005.9285 1005.926 1005.9237 1005.9216 1005.9197 1005.918 1005.9165 1005.9151 1005.9139 1005.9128 1005.9119 1005.9111 1005.9105 1005.9099 1005.9095 1005.9092 1005.909 1005.9089 1005.9088 1005.9089 1005.909 1005.9092 1005.9095 1005.9098 1005.9102 1005.9106 1005.9112 1005.9117 1005.9123 1005.913 1005.9137 1005.9144 1005.9152 1005.9159 1005.9168 1005.9176 1005.9185 1005.9194 1005.9204 1005.9213 1005.9223 1005.9233 1005.9243 1005.9253 1005.9263 1005.9274 1005.9284 1005.9295 1005.9305 1005.9316 1005.9327 1005.9338 1005.9349 1005.936 1005.9371 1005.9382 1005.9393
1005.9427 1005.9394 1005.9363 1005.9335 1005.9309 1005.9286 1005.9264 1005.9244 1005.9226 1005.921 1005.9196 1005.9183 1005.9171 1005.9161 1005.9153 1005.9145 1005.9139 1005.9134 1005.913 1005.9127 1005.9125 1005.9124 1005.9124 1005.9124 1005.9126 1005.9128 1005.913 1005.9134 1005.9138 1005.9142 1005.9147 1005.9152 1005.9158 1005.9165 1005.9171 1005.9178 1005.9186 1005.9194 1005.9202 1005.921 1005.9218 1005.9227 1005.9236 1005.9246 1005.9255 1005.9265 1005.9274 1005.9284 1005.9294 1005.9304 1005.9315 1005.9325 1005.9335 1005.9346 1005.9356 1005.9367 1005.9378 1005.9388 1005.9399 1005.941
1005.9478 1005.9445 1005.9414 1005.9385 1005.9358 1005.9334 1005.9311 1005.9291 1005.9272 1005.9255 1005.924 1005.9226 1005.9214 1005.9203 1005.9193 1005.9185 1005.9178 1005.9173 1005.9168 1005.9164 1005.9161 1005.916 1005.9159 1005.9159 1005.9159 1005.916 1005.9163 1005.9165 1005.9168 1005.9172 1005.9177 1005.9181 1005.9187 1005.9192 1005.9199 1005.9205 1005.9212 1005.9219 1005.9227 1005.9235 1005.9243 1005.9251 1005.926 1005.9268 1005.9277 1005.9286 1005.9296 1005.9305 1005.9315 1005.9325 1005.9334 1005.9344 1005.9354 1005.9365 1005.9375 1005.9385 1005.9395 1005.9406 1005.9416 1005.9427
1005.9529 1005.9495 1005.9463 1005.9433 1005.9406 1005.9381 1005.9358 1005.9336 1005.9317 1005.9299 1005.9283 1005.9269 1005.9256 1005.9244 1005.9234 1005.9225 1005.9217 1005.9211 1005.9205 1005.9201 1005.9197 1005.9195 1005.9193 1005.9192 1005.9192 1005.9193 1005.9194 1005.9196 1005.9199 1005.9202 1005.9206 1005.921 1005.9215 1005.922 1005.9226 1005.9232 1005.9238 1005.9245 1005.9252 1005.9259 1005.9267 1005.9275 1005.9283 1005.9291 1005.93 1005.9308 1005.9317 1005.9326 1005.9335 1005.9345 1005.9354 1005.9364 1005.9373 1005.9383 1005.9393 1005.9403 1005.9413 1005.9423 1005.9433 1005.9443
1005.9579 1005.9544 1005.9511 1005.9481 1005.9453 1005.9427 1005.9403 1005.9381 1005.9361 1005.9343 1005.9326 1005.9311 1005.9297 1005.9285 1005.9274 1005.9264 1005.9256 1005.9248 1005.9242 1005.9237 1005.9233 1005.923 1005.9228 1005.9226 1005.9225 1005.9225 1005.9226 1005.9228 1005.923 1005.9232 1005.9235 1005.9239 1005.9243 1005.9248 1005.9253 1005.9258 1005.9264 1005.927 1005.9277 1005.9284 1005.9291 1005.9298 1005.9306 1005.9314 1005.9322 1005.933 1005.9339 1005.9347 1005.9356 1005.9365 1005.9374 1005.9383 1005.9392 1005.9402 1005.9411 1005.9421 1005.9431 1005.944 1005.945 1005.946
1005.9628 1005.9592 1005.9559 1005.9528 1005.95 1005.9473 1005.9448 1005.9426 1005.9405 1005.9386 1005.9368 1005.9352 1005.9338 1005.9325 1005.9313 1005.9303 1005.9294 1005.9286 1005.9279 1005.9273 1005.9268 1005.9265 1005.9262 1005.9259 1005.9258 1005.9258 1005.9258 1005.9258 1005.926 1005.9262 1005.9264 1005.9268 1005.9271 1005.9275 1005.928 1005.9285 1005.929 1005.9296 1005.9302 1005.9308 1005.9315 1005.9322 1005.9329 1005.9336 1005.9344 1005.9352 1005.936 1005.9368 1005.9376 1005.9385 1005.9394 1005.9403 1005.9411 1005.9421 1005.943 1005.9439 1005.9448 1005.9458 1005.9467 1005.9477
1005.9676 1005.964 1005.9606 1005.9575 1005.9545 1005.9518 1005.9493 1005.9469 1005.9448 1005.9428 1005.941 1005.9393 1005.9378 1005.9365 1005.9352 1005.9341 1005.9331 1005.9323 1005.9315 1005.9309 1005.9303 1005.9299 1005.9295 1005.9293 1005.9291 1005.9289 1005.9289 1005.9289 1005.929 1005.9291 1005.9293 1005.9296 1005.9299 1005.9303 1005.9307 1005.9311 1005.9316 1005.9321 1005.9326 1005.9332 1005.9339 1005.9345 1005.9352 1005.9359 1005.9366 1005.9373 1005.9381 1005.9389 1005.9397 1005.9405 1005.9413 1005.9422 1005.943 1005.9439 1005.9448 1005.9457 1005.9466 1005.9475 1005.9484 1005.9493
1005.9723 1005.9686 1005.9652 1005.962 1005.959 1005.9562 1005.9537 1005.9513 1005.949 1005.947 1005.9451 1005.9434 1005.9418 1005.9404 1005.9391 1005.9379 1005.9369 1005.9359 1005.9351 1005.9344 1005.9338 1005.9333 1005.9329 1005.9325 1005.9323 1005.9321 1005.932 1005.9319 1005.932 1005.9321 1005.9322 1005.9324 1005.9327 1005.933 1005.9333 1005.9337 1005.9341 1005.9346 1005.9351 1005.9356 1005.9362 1005.9368 1005.9375 1005.9381 1005.9388 1005.9395 1005.9402 1005.941 1005.9417 1005.9425 1005.9433 1005.9441 1005.9449 1005.9458 1005.9466 1005.9475 1005.9483 1005.9492 1005.9501 1005.951
1005.9769 1005.9732 1005.9697 1005.9665 1005.9635 1005.9606 1005.958 1005.9555 1005.9532 1005.9511 1005.9492 1005.9474 1005.9458 1005.9443 1005.9429 1005.9417 1005.9406 1005.9396 1005.9387 1005.9379 1005.9372 1005.9367 1005.9362 1005.9358 1005.9355 1005.9352 1005.9351 1005.935 1005.9349 1005.935 1005.9351 1005.9352 1005.9354 1005.9357 1005.936 1005.9363 1005.9367 1005.9371 1005.9376 1005.9381 1005.9386 1005.9391 1005.9397 1005.9403 1005.941 1005.9416 1005.9423 1005.943 1005.9438 1005.9445 1005.9453 1005.946 1005.9468 1005.9476 1005.9484 1005.9493 1005.9501 1005.9509 1005.9518 1005.9527
1005.9815 1005.9777 1005.9742 1005.9709 1005.9678 1005.9649 1005.9622 1005.9597 1005.9574 1005.9552 1005.9532 1005.9513 1005.9496 1005.9481 1005.9467 1005.9454 1005.9442 1005.9431 1005.9422 1005.9414 1005.9406 1005.94 1005.9395 1005.939 1005.9386 1005.9383 1005.9381 1005.938 1005.9379 1005.9379 1005.9379 1005.938 1005.9381 1005.9383 1005.9386 1005.9389 1005.9392 1005.9396 1005.94 1005.9404 1005.9409 1005.9414 1005.942 1005.9426 1005.9432 1005.9438 1005.9444 1005.9451 1005.9458 1005.9465 1005.9472 1005.9479 1005.9487 1005.9495 1005.9502 1005.951 1005.9518 1005.9527 1005.9535 1005.9543
1005.9859 1005.9822 1005.9786 1005.9752 1005.9721 1005.9691 1005.9664 1005.9638 1005.9614 1005.9592 1005.9571 1005.9552 1005.9535 1005.9519 1005.9504 1005.949 1005.9478 1005.9467 1005.9457 1005.9448 1005.944 1005.9433 1005.9427 1005.9422 1005.9418 1005.9414 1005.9411 1005.9409 1005.9408 1005.9407 1005.9407 1005.9407 1005.9408 1005.941 1005.9412 1005.9414 1005.9417 1005.9421 1005.9424 1005.9428 1005.9433 1005.9437 1005.9442 1005.9448 1005.9453 1005.9459 1005.9465 1005.9471 1005.9478 1005.9485 1005.9491 1005.9498 1005.9506 1005.9513 1005.952 1005.9528 1005.9536 1005.9544 1005.9552 1005.956
1005.9903 1005.9865 1005.9829 1005.9795 1005.9763 1005.9733 1005.9705 1005.9679 1005.9654 1005.9632 1005.961 1005.9591 1005.9573 1005.9556 1005.9541 1005.9526 1005.9514 1005.9502 1005.9491 1005.9482 1005.9473 1005.9466 1005.9459 1005.9454 1005.9449 1005.9445 1005.9441 1005.9439 1005.9437 1005.9436 1005.9435 1005.9435 1005.9435 1005.9436 1005.9438 1005.944 1005.9442 1005.9445 1005.9448 1005.9452 1005.9456 1005.946 1005.9465 1005.947 1005.9475 1005.948 1005.9486 1005.9492 1005.9498 1005.9504 1005.9511 1005.9517 1005.9524 1005.9531 1005.9539 1005.9546 1005.9553 1005.9561 1005.9568 1005.9576
1005.9946 1005.9908 1005.9871 1005.9837 1005.9805 1005.9774 1005.9746 1005.9719 1005.9694 1005.9671 1005.9649 1005.9629 1005.961 1005.9593 1005.9577 1005.9562 1005.9549 1005.9537 1005.9525 1005.9515 1005.9506 1005.9498 1005.9491 1005.9485 1005.948 1005.9475 1005.9471 1005.9468 1005.9466 1005.9464 1005.9463 1005.9462 1005.9462 1005.9463 1005.9464 1005.9465 1005.9467 1005.947 1005.9472 1005.9475 1005.9479 1005.9483 1005.9487 1005.9492 1005.9496 1005.9501 1005.9507 1005.9512 1005.9518 1005.9524 1005.953 1005.9536 1005.9543 1005.955 1005.9556 1005.9563 1005.9571 1005.9578 1005.9585 1005.9593
1005.9989 1005.995 1005.9913 1005.9878 1005.9845 1005.9815 1005.9786 1005.9758 1005.9733 1005.9709 1005.9687 1005.9666 1005.9647 1005.9629 1005.9613 1005.9598 1005.9584 1005.9571 1005.9559 1005.9549 1005.9539 1005.953 1005.9523 1005.9516 1005.951 1005.9505 1005.9501 1005.9497 1005.9494 1005.9492 1005.949 1005.9489 1005.9489 1005.9489 1005.9489 1005.949 1005.9492 1005.9494 1005.9496 1005.9499 1005.9502 1005.9505 1005.9509 1005.9513 1005.9518 1005.9522 1005.9527 1005.9533 1005.9538 1005.9544 1005.9549 1005.9555 1005.9562 1005.9568 1005.9574 1005.9581 1005.9588 1005.9595 1005.9602 1005.9609
1006.003 1005.9991 1005.9954 1005.9919 1005.9885 1005.9854 1005.9825 1005.9797 1005.9771 1005.9747 1005.9724 1005.9703 1005.9683 1005.9665 1005.9648 1005.9632 1005.9618 1005.9605 1005.9593 1005.9581 1005.9571 1005.9562 1005.9554 1005.9547 1005.954 1005.9535 1005.953 1005.9526 1005.9522 1005.952 1005.9517 1005.9516 1005.9515 1005.9515 1005.9515 1005.9515 1005.9516 1005.9518 1005.952 1005.9522 1005.9525 1005.9528 1005.9531 1005.9535 1005.9539 1005.9543 1005.9548 1005.9553 1005.9558 1005.9563 1005.9569 1005.9574 1005.958 1005.9586 1005.9592 1005.9599 1005.9605 1005.9612 1005.9619 1005.9625
1006.0071 1006.0031 1005.9994 1005.9958 1005.9925 1005.9893 1005.9864 1005.9835 1005.9809 1005.9784 1005.9761 1005.974 1005.9719 1005.9701 1005.9683 1005.9667 1005.9652 1005.9638 1005.9625 1005.9614 1005.9603 1005.9594 1005.9585 1005.9577 1005.957 1005.9564 1005.9559 1005.9554 1005.955 1005.9547 1005.9545 1005.9543 1005.9541 1005.954 1005.954 1005.954 1005.9541 1005.9542 1005.9543 1005.9545 1005.9548 1005.955 1005.9553 1005.9557 1005.956 1005.9564 1005.9568 1005.9573 1005.9578 1005.9582 1005.9588 1005.9593 1005.9598 1005.9604 1005.961 1005.9616 1005.9622 1005.9629 1005.9635 1005.9642
1006.0111 1006.0071 1006.0033 1005.9998 1005.9964 1005.9932 1005.9902 1005.9873 1005.9846 1005.9821 1005.9798 1005.9776 1005.9755 1005.9736 1005.9718 1005.9701 1005.9686 1005.9671 1005.9658 1005.9646 1005.9635 1005.9625 1005.9616 1005.9607 1005.96 1005.9593 1005.9588 1005.9583 1005.9578 1005.9574 1005.9571 1005.9569 1005.9567 1005.9566 1005.9565 1005.9565 1005.9565 1005.9566 1005.9567 1005.9568 1005.957 1005.9573 1005.9575 1005.9578 1005.9581 1005.9585 1005.9589 1005.9593 1005.9597 1005.9602 1005.9607 1005.9612 1005.9617 1005.9622 1005.9628 1005.9634 1005.9639 1005.9646 1005.9652 1005.9658
1006.015 1006.011 1006.0072 1006.0036 1006.0002 1005.997 1005.9939 1005.991 1005.9883 1005.9858 1005.9834 1005.9811 1005.979 1005.977 1005.9752 1005.9735 1005.9719 1005.9704 1005.969 1005.9678 1005.9666 1005.9656 1005.9646 1005.9637 1005.9629 1005.9622 1005.9616 1005.9611 1005.9606 1005.9602 1005.9598 1005.9595 1005.9593 1005.9591 1005.959 1005.9589 1005.9589 1005.9589 1005.959 1005.9591 1005.9593 1005.9595 1005.9597 1005.9599 1005.9602 1005.9606 1005.9609 1005.9613 1005.9617 1005.9621 1005.9626 1005.963 1005.9635 1005.964 1005.9646 1005.9651 1005.9657 1005.9662 1005.9668 1005.9674
1006.0189 1006.0149 1006.011 1006.0074 1006.0039 1006.0007 1005.9976 1005.9947 1005.9919 1005.9893 1005.9869 1005.9846 1005.9824 1005.9804 1005.9785 1005.9768 1005.9752 1005.9736 1005.9722 1005.9709 1005.9697 1005.9686 1005.9676 1005.9667 1005.9659 1005.9651 1005.9644 1005.9638 1005.9633 1005.9628 1005.9625 1005.9621 1005.9619 1005.9616 1005.9615 1005.9614 1005.9613 1005.9613 1005.9613 1005.9614 1005.9615 1005.9617 1005.9619 1005.9621 1005.9623 1005.9626 1005.9629 1005.9633 1005.9636 1005.964 1005.9644 1005.9649 1005.9653 1005.9658 1005.9663 1005.9668 1005.9674 1005.9679 1005.9685 1005.969
1006.0227 1006.0186 1006.0148 1006.0111 1006.0076 1006.0043 1006.0012 1005.9983 1005.9955 1005.9929 1005.9904 1005.988 1005.9859 1005.9838 1005.9819 1005.9801 1005.9784 1005.9768 1005.9754 1005.974 1005.9728 1005.9716 1005.9706 1005.9696 1005.9687 1005.9679 1005.9672 1005.9666 1005.966 1005.9655 1005.9651 1005.9647 1005.9644 1005.9641 1005.9639 1005.9638 1005.9637 1005.9636 1005.9636 1005.9637 1005.9637 1005.9639 1005.964 1005.9642 1005.9644 1005.9647 1005.9649 1005.9652 1005.9656 1005.9659 1005.9663 1005.9667 1005.9672 1005.9676 1005.9681 1005.9686 1005.9691 1005.9696 1005.9701 1005.9707
1006.0264 1006.0223 1006.0184 1006.0148 1006.0113 1006.0079 1006.0048 1006.0018 1005.999 1005.9963 1005.9938 1005.9914 1005.9892 1005.9871 1005.9851 1005.9833 1005.9816 1005.98 1005.9785 1005.9771 1005.9758 1005.9746 1005.9735 1005.9725 1005.9716 1005.9708 1005.97 1005.9693 1005.9687 1005.9682 1005.9677 1005.9673 1005.9669 1005.9666 1005.9664 1005.9662 1005.9661 1005.966 1005.9659 1005.9659 1005.9659 1005.966 1005.9661 1005.9663 1005.9665 1005.9667 1005.9669 1005.9672 1005.9675 1005.9678 1005.9682 1005.9686 1005.969 1005.9694 1005.9698 1005.9703 1005.9708 1005.9712 1005.9718 1005.9723
1006.03 1006.0259 1006.0221 1006.0183 1006.0148 1006.0115 1006.0083 1006.0053 1006.0024 1005.9997 1005.9972 1005.9948 1005.9925 1005.9904 1005.9884 1005.9865 1005.9847 1005.9831 1005.9816 1005.9801 1005.9788 1005.9776 1005.9764 1005.9754 1005.9744 1005.9735 1005.9727 1005.972 1005.9714 1005.9708 1005.9703 1005.9698 1005.9694 1005.9691 1005.9688 1005.9686 1005.9684 1005.9683 1005.9682 1005.9681 1005.9681 1005.9682 1005.9683 1005.9684 1005.9685 1005.9687 1005.9689 1005.9692 1005.9694 1005.9697 1005.9701 1005.9704 1005.9708 1005.9712 1005.9716 1005.972 1005.9724 1005.9729 1005.9734 1005.9739
1006.0336 1006.0295 1006.0256 1006.0219 1006.0183 1006.015 1006.0118 1006.0087 1006.0058 1006.0031 1006.0005 1005.9981 1005.9958 1005.9936 1005.9916 1005.9897 1005.9879 1005.9862 1005.9846 1005.9831 1005.9818 1005.9805 1005.9793 1005.9782 1005.9772 1005.9763 1005.9755 1005.9747 1005.974 1005.9734 1005.9728 1005.9723 1005.9719 1005.9715 1005.9712 1005.9709 1005.9707 1005.9706 1005.9704 1005.9704 1005.9703 1005.9703 1005.9704 1005.9705 1005.9706 1005.9707 1005.9709 1005.9711 1005.9714 1005.9716 1005.9719 1005.9722 1005.9726 1005.9729 1005.9733 1005.9737 1005.9741 1005.9746 1005.975 1005.9755
1006.0371 1006.033 1006.0291 1006.0253 1006.0218 1006.0184 1006.0152 1006.0121 1006.0092 1006.0064 1006.0038 1006.0014 1005.999 1005.9968 1005.9947 1005.9928 1005.9909 1005.9892 1005.9876 1005.9861 1005.9847 1005.9834 1005.9822 1005.981 1005.98 1005.979 1005.9781 1005.9773 1005.9766 1005.976 1005.9754 1005.9748 1005.9744 1005.9739 1005.9736 1005.9733 1005.973 1005.9728 1005.9727 1005.9726 1005.9725 1005.9725 1005.9725 1005.9725 1005.9726 1005.9727 1005.9729 1005.9731 1005.9733 1005.9735 1005.9738 1005.974 1005.9743 1005.9747 1005.975 1005.9754 1005.9758 1005.9762 1005.9766 1005.9771
1006.0405 1006.0364 1006.0325 1006.0287 1006.0252 1006.0218 1006.0185 1006.0154 1006.0125 1006.0097 1006.0071 1006.0046 1006.0022 1006 1005.9978 1005.9959 1005.994 1005.9922 1005.9906 1005.989 1005.9876 1005.9862 1005.985 1005.9838 1005.9827 1005.9817 1005.9808 1005.98 1005.9792 1005.9785 1005.9779 1005.9773 1005.9768 1005.9763 1005.976 1005.9756 1005.9753 1005.9751 1005.9749 1005.9748 1005.9747 1005.9746 1005.9746 1005.9746 1005.9746 1005.9747 1005.9748 1005.975 1005.9752 1005.9754 1005.9756 1005.9758 1005.9761 1005.9764 1005.9768 1005.9771 1005.9775 1005.9778 1005.9783 1005.9787
