layers/tmax.tif
NCOLS 300
NROWS 300
XLLCORNER 108.422
YLLCORNER 2.17447
DX 0.11742
DY 0.06627
NODATA_VALUE -9999
[rows 182 to 207 of 300, columns 60 to 119 of 300]
31.073736 31.074111 31.074498 31.074895 31.075304 31.075726 31.07616 31.076607 31.077068 31.077543 31.078034 31.07854 31.079063 31.079603 31.080162 31.080739 31.081337 31.081955 31.082595 31.083259 31.083946 31.08466 31.0854 31.086169 31.086968 31.087799 31.088662 31.089562 31.090499 31.091475 31.092493 31.093556 31.094666 31.095825 31.097038 31.098308 31.099637 31.101031 31.102493 31.104027 31.105638 31.107332 31.109114 31.110989 31.112965 31.115048 31.117244 31.119562 31.122009 31.124593 31.127323 31.130206 31.133252 31.136466 31.139853 31.143416 31.147149 31.151034 31.155036 31.15908
31.073586 31.073959 31.074343 31.074737 31.075144 31.075562 31.075993 31.076437 31.076896 31.077368 31.077855 31.078359 31.078878 31.079415 31.079971 31.080545 31.081139 31.081754 31.082391 31.083051 31.083736 31.084446 31.085184 31.08595 31.086746 31.087574 31.088436 31.089333 31.090268 31.091243 31.09226 31.093323 31.094433 31.095594 31.096808 31.098081 31.099415 31.100814 31.102283 31.103826 31.105449 31.107157 31.108957 31.110854 31.112856 31.114969 31.117203 31.119566 31.122067 31.124716 31.127524 31.130502 31.133662 31.137014 31.140572 31.144343 31.148335 31.152544 31.156954 31.161515
31.073433 31.073803 31.074184 31.074576 31.074979 31.075394 31.075822 31.076264 31.076718 31.077188 31.077672 31.078172 31.078688 31.079221 31.079773 31.080344 31.080934 31.081546 31.082179 31.082836 31.083517 31.084224 31.084958 31.085721 31.086514 31.087338 31.088197 31.089092 31.090024 31.090997 31.092013 31.093074 31.094183 31.095344 31.09656 31.097834 31.099171 31.100574 31.102049 31.1036 31.105233 31.106954 31.108769 31.110685 31.11271 31.114853 31.117122 31.119528 31.12208 31.124792 31.127675 31.130745 31.134016 31.137506 31.141233 31.145214 31.14947 31.154015 31.158857 31.16398
31.073277 31.073644 31.074022 31.07441 31.074811 31.075223 31.075647 31.076085 31.076537 31.077002 31.077483 31.077979 31.078492 31.079022 31.079569 31.080136 31.080723 31.08133 31.08196 31.082613 31.08329 31.083993 31.084723 31.085482 31.086271 31.087092 31.087947 31.088838 31.089767 31.090737 31.09175 31.092809 31.093917 31.095077 31.096292 31.097567 31.098905 31.100311 31.10179 31.103347 31.104988 31.10672 31.108548 31.110482 31.112528 31.114697 31.116998 31.119443 31.122044 31.124815 31.12777 31.130928 31.134307 31.13793 31.141822 31.146011 31.15053 31.155414 31.160699 31.166411
31.073117 31.073481 31.073856 31.074241 31.074638 31.075047 31.075468 31.075902 31.07635 31.076812 31.077289 31.077781 31.07829 31.078816 31.079359 31.079922 31.080504 31.081108 31.081733 31.082381 31.083054 31.083753 31.084478 31.085232 31.086017 31.086834 31.087685 31.088572 31.089497 31.090463 31.091473 31.092529 31.093634 31.094791 31.096005 31.097279 31.098618 31.100025 31.101506 31.103068 31.104715 31.106455 31.108294 31.110242 31.112307 31.114499 31.11683 31.11931 31.121956 31.124781 31.127804 31.131044 31.134526 31.138276 31.142327 31.146716 31.151491 31.156706 31.16243 31.168736
31.072954 31.073315 31.073686 31.074068 31.074462 31.074867 31.075284 31.075715 31.076159 31.076617 31.07709 31.077578 31.078082 31.078604 31.079143 31.079701 31.080279 31.080878 31.081498 31.082142 31.08281 31.083503 31.084224 31.084973 31.085753 31.086565 31.087411 31.088293 31.089214 31.090175 31.091181 31.092232 31.093333 31.094488 31.095699 31.09697 31.098307 31.099714 31.101197 31.10276 31.104412 31.106157 31.108006 31.109965 31.112046 31.114258 31.116613 31.119126 31.121811 31.124686 31.12777 31.131087 31.134664 31.138533 31.142732 31.147309 31.152325 31.157854 31.163995 31.170872
31.072788 31.073145 31.073513 31.073892 31.074281 31.074683 31.075097 31.075523 31.075963 31.076417 31.076885 31.077369 31.077869 31.078386 31.078921 31.079474 31.080047 31.080641 31.081256 31.081895 31.082557 31.083245 31.083961 31.084704 31.085479 31.086285 31.087125 31.088002 31.088917 31.089873 31.090873 31.091919 31.093016 31.094165 31.095372 31.09664 31.097975 31.09938 31.100861 31.102425 31.104078 31.105827 31.107682 31.10965 31.111742 31.113971 31.116347 31.118887 31.121607 31.124526 31.127665 31.131051 31.134714 31.13869 31.143025 31.147773 31.153008 31.158822 31.165342 31.172739
31.072618 31.072972 31.073336 31.073711 31.074097 31.074495 31.074905 31.075327 31.075763 31.076212 31.076676 31.077155 31.077651 31.078163 31.078693 31.079241 31.079808 31.080397 31.081007 31.081639 31.082296 31.082979 31.083688 31.084426 31.085193 31.085994 31.086828 31.087698 31.088607 31.089556 31.09055 31.09159 31.092681 31.093825 31.095026 31.096289 31.097619 31.09902 31.100498 31.10206 31.103713 31.105463 31.107321 31.109294 31.111396 31.113636 31.11603 31.118592 31.121341 31.124297 31.127484 31.13093 31.134668 31.138739 31.143193 31.148091 31.153517 31.159578 31.166423 31.17426
31.072445 31.072796 31.073156 31.073527 31.073909 31.074303 31.074708 31.075126 31.075558 31.076003 31.076462 31.076936 31.077427 31.077934 31.078458 31.079001 31.079563 31.080145 31.080749 31.081376 31.082027 31.082703 31.083406 31.084137 31.084898 31.085691 31.086518 31.087381 31.088283 31.089225 31.090212 31.091245 31.092328 31.093465 31.094659 31.095916 31.097239 31.098635 31.100108 31.101666 31.103316 31.105065 31.106922 31.108898 31.111004 31.113253 31.115658 31.118238 31.121009 31.123995 31.127221 31.130718 31.134519 31.138671 31.143225 31.14825 31.153834 31.160095 31.167196 31.175371
31.07227 31.072616 31.072973 31.07334 31.073718 31.074107 31.074508 31.074922 31.075348 31.075788 31.076243 31.076712 31.077197 31.077699 31.078217 31.078754 31.079311 31.079887 31.080485 31.081105 31.081749 31.082418 31.083114 31.083838 31.084592 31.085377 31.086197 31.087052 31.087945 31.08888 31.089858 31.090883 31.091958 31.093086 31.094273 31.095521 31.096837 31.098225 31.099691 31.101243 31.102886 31.104631 31.106485 31.10846 31.110567 31.112819 31.115232 31.117822 31.12061 31.123619 31.126875 31.13041 31.134263 31.138478 31.143113 31.148237 31.153943 31.160353 31.167635 31.176031
31.072091 31.072433 31.072786 31.073149 31.073522 31.073907 31.074304 31.074712 31.075134 31.075569 31.076018 31.076482 31.076962 31.077458 31.077971 31.078502 31.079052 31.079622 31.080213 31.080826 31.081463 31.082125 31.082813 31.083529 31.084275 31.085053 31.085863 31.08671 31.087595 31.08852 31.089489 31.090504 31.09157 31.092689 31.093865 31.095104 31.09641 31.097789 31.099246 31.100789 31.102425 31.104162 31.10601 31.10798 31.110083 31.112334 31.114748 31.117344 31.120141 31.123163 31.12644 31.130003 31.133893 31.138155 31.142849 31.148045 31.153836 31.160342 31.167727 31.176222
31.071908 31.072247 31.072595 31.072954 31.073323 31.073703 31.074095 31.074499 31.074916 31.075346 31.075789 31.076248 31.076722 31.077211 31.077718 31.078243 31.078786 31.079349 31.079933 31.080539 31.081169 31.081823 31.082503 31.083211 31.083948 31.084717 31.085518 31.086356 31.087231 31.088146 31.089105 31.09011 31.091164 31.092272 31.093438 31.094666 31.09596 31.097327 31.098773 31.100305 31.10193 31.103657 31.105495 31.107456 31.109552 31.111797 31.114207 31.116801 31.119599 31.122628 31.125915 31.129494 31.133406 31.137698 31.142428 31.147669 31.153507 31.160059 31.167472 31.175954
31.071723 31.072058 31.072402 31.072756 31.07312 31.073496 31.073883 31.074281 31.074693 31.075117 31.075555 31.076008 31.076476 31.076959 31.07746 31.077978 31.078514 31.07907 31.079647 31.080245 31.080866 31.081512 31.082184 31.082883 31.083611 31.08437 31.085162 31.085989 31.086853 31.087758 31.088705 31.089699 31.090741 31.091837 31.09299 31.094205 31.095486 31.09684 31.098273 31.099791 31.101402 31.103115 31.10494 31.106888 31.108972 31.111206 31.113606 31.116192 31.118985 31.12201 31.125296 31.128879 31.132799 31.137103 31.141849 31.147106 31.152957 31.159508 31.166887 31.175262
31.071535 31.071865 31.072205 31.072554 31.072914 31.073284 31.073666 31.07406 31.074466 31.074884 31.075317 31.075763 31.076225 31.076702 31.077195 31.077706 31.078236 31.078784 31.079353 31.079943 31.080556 31.081193 31.081856 31.082545 31.083263 31.084012 31.084794 31.08561 31.086463 31.087356 31.088291 31.089271 31.090301 31.091383 31.092522 31.093722 31.094989 31.096327 31.097744 31.099246 31.10084 31.102537 31.104346 31.106277 31.108344 31.110562 31.112946 31.115517 31.118295 31.121308 31.124584 31.128158 31.13207 31.136368 31.141109 31.146356 31.15219 31.1587 31.165995 31.174198
31.071344 31.071669 31.072004 31.072349 31.072704 31.073069 31.073446 31.073834 31.074234 31.074647 31.075073 31.075514 31.075969 31.076439 31.076925 31.077429 31.077951 31.078491 31.079052 31.079634 31.080238 31.080865 31.081518 31.082198 31.082906 31.083644 31.084414 31.085218 31.086059 31.086939 31.087861 31.088828 31.089843 31.09091 31.092034 31.093218 31.094468 31.095789 31.097187 31.09867 31.100246 31.101923 31.103711 31.105621 31.107667 31.109863 31.112226 31.114774 31.117531 31.120522 31.123776 31.127328 31.131219 31.135494 31.140208 31.145423 31.151211 31.15765 31.164826 31.172823
31.071149 31.07147 31.071801 31.072141 31.07249 31.072851 31.073222 31.073604 31.073999 31.074406 31.074825 31.075259 31.075707 31.076171 31.07665 31.077146 31.07766 31.078192 31.078744 31.079317 31.079911 31.08053 31.081172 31.081841 31.082538 31.083265 31.084023 31.084815 31.085643 31.086509 31.087417 31.088369 31.089368 31.090419 31.091526 31.092692 31.093923 31.095225 31.096603 31.098065 31.099618 31.101272 31.103036 31.104922 31.106941 31.10911 31.111445 31.113964 31.116691 31.119651 31.122872 31.12639 31.130244 31.134479 31.139148 31.144309 31.150028 31.156374 31.163412 31.171197
31.070952 31.071269 31.071594 31.071929 31.072274 31.072628 31.072994 31.073371 31.073759 31.07416 31.074573 31.075 31.075441 31.075897 31.076369 31.076857 31.077362 31.077886 31.078429 31.078992 31.079578 31.080186 31.080818 31.081476 31.082161 31.082875 31.083621 31.084399 31.085213 31.086065 31.086958 31.087894 31.088876 31.08991 31.090998 31.092144 31.093355 31.094635 31.095991 31.097429 31.098958 31.100585 31.102322 31.104178 31.106167 31.108303 31.110604 31.113087 31.115776 31.118694 31.121873 31.125344 31.129147 31.133326 31.137931 31.143019 31.148649 31.154883 31.161777 31.169366
31.070752 31.071064 31.071384 31.071714 31.072053 31.072402 31.072762 31.073133 31.073515 31.073909 31.074316 31.074736 31.07517 31.075618 31.076082 31.076562 31.077059 31.077574 31.078107 31.078661 31.079236 31.079833 31.080455 31.081101 31.081774 31.082476 31.083208 31.083972 31.084772 31.085608 31.086484 31.087403 31.088368 31.089382 31.09045 31.091576 31.092765 31.094021 31.095352 31.096764 31.098265 31.099863 31.101568 31.103391 31.105344 31.107443 31.109703 31.112143 31.114785 31.117654 31.120778 31.12419 31.127928 31.132035 31.136559 31.141555 31.147079 31.15319 31.159938 31.167357
31.070549 31.070856 31.071171 31.071496 31.07183 31.072173 31.072527 31.072891 31.073267 31.073655 31.074055 31.074467 31.074894 31.075334 31.07579 31.076261 31.076749 31.077255 31.077779 31.078323 31.078887 31.079473 31.080083 31.080717 31.081378 31.082066 31.082784 31.083534 31.084318 31.085138 31.085996 31.086897 31.087843 31.088837 31.089884 31.090987 31.092151 31.093383 31.094686 31.09607 31.09754 31.099105 31.100775 31.102561 31.104474 31.10653 31.108744 31.111134 31.113721 31.11653 31.119589 31.12293 31.126589 31.130609 31.135035 31.139921 31.145323 31.151298 31.157902 31.165176
31.070344 31.070646 31.070956 31.071275 31.071603 31.07194 31.072288 31.072646 31.073016 31.073396 31.073789 31.074194 31.074613 31.075046 31.075493 31.075955 31.076434 31.07693 31.077444 31.077977 31.078531 31.079106 31.079703 31.080325 31.080972 31.081646 31.08235 31.083084 31.083851 31.084654 31.085495 31.086377 31.087302 31.088275 31.089298 31.090377 31.091516 31.09272 31.093995 31.095347 31.096783 31.098313 31.099944 31.101689 31.103557 31.105565 31.107726 31.110059 31.112584 31.115325 31.118309 31.121566 31.125133 31.129049 31.133362 31.138121 31.143384 31.14921 31.155664 31.162808
31.070136 31.070432 31.070737 31.07105 31.071373 31.071704 31.072046 31.072398 31.07276 31.073134 31.073519 31.073917 31.074328 31.074752 31.07519 31.075644 31.076113 31.076599 31.077103 31.077626 31.078168 31.07873 31.079315 31.079924 31.080557 31.081217 31.081905 31.082623 31.083373 31.084158 31.08498 31.085841 31.086745 31.087695 31.088695 31.089748 31.090859 31.092034 31.093277 31.094595 31.095996 31.097486 31.099076 31.100775 31.102595 31.104549 31.106652 31.108921 31.111376 31.114039 31.116937 31.1201 31.123561 31.12736 31.131542 31.136156 31.141262 31.146923 31.153213 31.160222
31.069925 31.070216 31.070515 31.070823 31.071139 31.071465 31.0718 31.072145 31.072501 31.072867 31.073245 31.073635 31.074038 31.074453 31.074883 31.075327 31.075787 31.076263 31.076756 31.077267 31.077797 31.078348 31.07892 31.079514 31.080133 31.080778 31.08145 31.082151 31.082884 31.08365 31.084452 31.085292 31.086173 31.087099 31.088073 31.089099 31.090181 31.091325 31.092534 31.093817 31.095179 31.096627 31.098172 31.099822 31.101588 31.103483 31.105522 31.107721 31.110098 31.112676 31.115479 31.118535 31.121878 31.125544 31.129578 31.13403 31.138957 31.144431 31.150535 31.157382
31.069711 31.069997 31.070291 31.070593 31.070903 31.071223 31.071551 31.071889 31.072238 31.072597 31.072967 31.073349 31.073743 31.07415 31.074571 31.075005 31.075455 31.07592 31.076402 31.076902 31.07742 31.077958 31.078517 31.079097 31.079701 31.08033 31.080986 31.081669 31.082383 31.08313 31.08391 31.084728 31.085586 31.086487 31.087434 31.088431 31.089483 31.090593 31.091768 31.093012 31.094332 31.095736 31.097232 31.098829 31.100538 31.10237 31.104339 31.106461 31.108754 31.111238 31.113935 31.116874 31.120086 31.123605 31.127475 31.131744 31.136472 31.14173 31.147614 31.15425
31.069495 31.069776 31.070064 31.07036 31.070664 31.070977 31.071299 31.07163 31.071971 31.072323 31.072685 31.073059 31.073444 31.073842 31.074254 31.074678 31.075118 31.075572 31.076043 31.076531 31.077037 31.077561 31.078106 31.078672 31.079261 31.079873 31.080512 31.081177 31.081872 31.082598 31.083357 31.084152 31.084985 31.08586 31.086779 31.087746 31.088765 31.089841 31.090978 31.092181 31.093458 31.094815 31.096259 31.0978 31.099446 31.101211 31.103105 31.105145 31.107346 31.109727 31.112311 31.115122 31.11819 31.121548 31.125237 31.129303 31.133806 31.138818 31.144438 31.1508
31.069277 31.069552 31.069834 31.070124 31.070422 31.070728 31.071043 31.071368 31.071701 31.072045 31.0724 31.072765 31.073142 31.07353 31.073932 31.074347 31.074776 31.075219 31.075678 31.076154 31.076647 31.077158 31.077688 31.078239 31.078812 31.079408 31.080029 31.080675 31.08135 31.082055 31.082791 31.083562 31.08437 31.085217 31.086107 31.087043 31.088028 31.089067 31.090165 31.091326 31.092557 31.093864 31.095253 31.096734 31.098315 31.100008 31.101823 31.103774 31.105877 31.108148 31.110609 31.113282 31.116195 31.119378 31.122869 31.126712 31.130964 31.135696 31.141002 31.147015
31.069056 31.069325 31.069602 31.069885 31.070177 31.070477 31.070785 31.071102 31.071428 31.071764 31.07211 31.072467 31.072835 31.073214 31.073606 31.07401 31.074428 31.074861 31.075308 31.075771 31.07625 31.076748 31.077263 31.077799 31.078356 31.078934 31.079537 31.080164 31.080818 31.081501 31.082214 31.08296 31.083741 31.08456 31.08542 31.086323 31.087273 31.088274 31.089331 31.090448 31.09163 31.092884 31.094217 31.095635 31.097147 31.098763 31.100494 31.102351 31.10435 31.106505 31.108835 31.111361 31.114107 31.117101 31.120378 31.123978 31.127953 31.132368 31.13731 31.142897
