layers/tmax.tif
NCOLS 300
NROWS 300
XLLCORNER 108.422
YLLCORNER 2.17447
DX 0.11742
DY 0.06627
NODATA_VALUE -9999
[rows 156 to 181 of 300, columns 0 to 59 of 300]
31.063069 31.063193 31.063318 31.063446 31.063575 31.063707 31.063841 31.063977 31.064115 31.064255 31.064398 31.064543 31.064691 31.064841 31.064994 31.065149 31.065308 31.065468 31.065632 31.065799 31.065968 31.066141 31.066317 31.066496 31.066678 31.066864 31.067053 31.067245 31.067442 31.067642 31.067846 31.068054 31.068266 31.068482 31.068703 31.068928 31.069157 31.069391 31.06963 31.069874 31.070123 31.070377 31.070637 31.070902 31.071172 31.071449 31.071732 31.072021 31.072316 31.072618 31.072926 31.073242 31.073565 31.073895 31.074233 31.074579 31.074933 31.075296 31.075667 31.076047
31.063025 31.063148 31.063273 31.0634 31.063529 31.06366 31.063794 31.063929 31.064067 31.064207 31.064349 31.064494 31.064641 31.064791 31.064943 31.065098 31.065256 31.065416 31.06558 31.065746 31.065915 31.066087 31.066262 31.066441 31.066623 31.066808 31.066996 31.067189 31.067385 31.067584 31.067788 31.067995 31.068207 31.068423 31.068643 31.068867 31.069096 31.06933 31.069569 31.069812 31.070061 31.070315 31.070574 31.070839 31.071109 31.071385 31.071668 31.071957 31.072252 31.072553 31.072862 31.073178 31.0735 31.073831 31.074169 31.074515 31.074869 31.075232 31.075603 31.075984
31.062979 31.063102 31.063227 31.063353 31.063482 31.063613 31.063746 31.063881 31.064018 31.064158 31.0643 31.064444 31.064591 31.06474 31.064892 31.065046 31.065203 31.065363 31.065526 31.065692 31.06586 31.066032 31.066207 31.066385 31.066566 31.066751 31.066939 31.067131 31.067326 31.067525 31.067729 31.067936 31.068147 31.068362 31.068582 31.068806 31.069034 31.069268 31.069506 31.069749 31.069997 31.07025 31.070509 31.070774 31.071044 31.07132 31.071602 31.07189 31.072185 31.072487 31.072795 31.073111 31.073433 31.073764 31.074102 31.074448 31.074802 31.075165 31.075537 31.075918
31.062934 31.063056 31.06318 31.063306 31.063435 31.063565 31.063697 31.063832 31.063969 31.064108 31.064249 31.064393 31.064539 31.064688 31.064839 31.064993 31.06515 31.065309 31.065472 31.065637 31.065805 31.065976 31.06615 31.066328 31.066509 31.066693 31.066881 31.067072 31.067267 31.067465 31.067668 31.067874 31.068085 31.0683 31.068519 31.068742 31.068971 31.069203 31.069441 31.069684 31.069931 31.070184 31.070443 31.070707 31.070977 31.071252 31.071534 31.071822 31.072117 31.072418 31.072726 31.073041 31.073364 31.073694 31.074032 31.074378 31.074733 31.075096 31.075467 31.075848
31.062887 31.063009 31.063133 31.063258 31.063386 31.063516 31.063648 31.063782 31.063918 31.064057 31.064198 31.064341 31.064487 31.064635 31.064786 31.064939 31.065096 31.065254 31.065416 31.065581 31.065748 31.065919 31.066093 31.06627 31.06645 31.066634 31.066821 31.067011 31.067206 31.067404 31.067606 31.067812 31.068022 31.068236 31.068455 31.068678 31.068905 31.069138 31.069375 31.069617 31.069864 31.070117 31.070375 31.070638 31.070907 31.071183 31.071464 31.071752 31.072046 31.072347 31.072655 31.07297 31.073292 31.073622 31.07396 31.074306 31.07466 31.075023 31.075395 31.075776
31.06284 31.062961 31.063085 31.06321 31.063337 31.063467 31.063598 31.063732 31.063867 31.064006 31.064146 31.064289 31.064434 31.064582 31.064732 31.064885 31.06504 31.065199 31.06536 31.065524 31.065691 31.065861 31.066034 31.066211 31.06639 31.066573 31.06676 31.06695 31.067144 31.067341 31.067543 31.067748 31.067958 31.068171 31.068389 31.068612 31.068839 31.06907 31.069307 31.069548 31.069795 31.070047 31.070305 31.070568 31.070836 31.071111 31.071392 31.071679 31.071973 31.072274 31.072581 31.072896 31.073218 31.073547 31.073885 31.074231 31.074585 31.074948 31.07532 31.075701
31.062792 31.062913 31.063036 31.063161 31.063288 31.063416 31.063547 31.06368 31.063816 31.063953 31.064093 31.064235 31.06438 31.064527 31.064677 31.064829 31.064984 31.065142 31.065303 31.065466 31.065632 31.065802 31.065975 31.06615 31.066329 31.066512 31.066698 31.066887 31.06708 31.067277 31.067478 31.067683 31.067892 31.068105 31.068322 31.068544 31.06877 31.069001 31.069237 31.069478 31.069724 31.069976 31.070233 31.070495 31.070763 31.071038 31.071318 31.071605 31.071898 31.072198 31.072505 31.072819 31.073141 31.07347 31.073807 31.074153 31.074507 31.074869 31.075241 31.075622
31.062744 31.062864 31.062987 31.063111 31.063237 31.063366 31.063496 31.063629 31.063763 31.0639 31.06404 31.064181 31.064325 31.064472 31.064621 31.064773 31.064927 31.065084 31.065244 31.065407 31.065573 31.065742 31.065914 31.066089 31.066267 31.066449 31.066635 31.066823 31.067016 31.067212 31.067412 31.067616 31.067825 31.068037 31.068254 31.068475 31.068701 31.068931 31.069166 31.069407 31.069652 31.069903 31.070159 31.070421 31.070688 31.070962 31.071242 31.071528 31.071821 31.07212 31.072427 31.07274 31.073061 31.07339 31.073727 31.074072 31.074426 31.074788 31.07516 31.075541
31.062695 31.062815 31.062937 31.063061 31.063186 31.063314 31.063444 31.063576 31.06371 31.063847 31.063985 31.064126 31.06427 31.064416 31.064564 31.064716 31.064869 31.065026 31.065185 31.065347 31.065513 31.065681 31.065852 31.066027 31.066204 31.066386 31.06657 31.066758 31.06695 31.067146 31.067345 31.067549 31.067756 31.067968 31.068184 31.068404 31.068629 31.068859 31.069094 31.069333 31.069578 31.069828 31.070083 31.070345 31.070611 31.070884 31.071163 31.071449 31.071741 31.07204 31.072346 31.072659 31.07298 31.073308 31.073644 31.073989 31.074342 31.074704 31.075075 31.075456
31.062646 31.062765 31.062886 31.063009 31.063135 31.063262 31.063391 31.063523 31.063656 31.063792 31.06393 31.064071 31.064214 31.064359 31.064507 31.064657 31.064811 31.064966 31.065125 31.065287 31.065451 31.065619 31.065789 31.065963 31.06614 31.066321 31.066505 31.066692 31.066883 31.067078 31.067277 31.067479 31.067686 31.067897 31.068112 31.068332 31.068556 31.068785 31.069019 31.069258 31.069502 31.069751 31.070006 31.070266 31.070533 31.070805 31.071083 31.071368 31.071659 31.071957 31.072263 31.072575 31.072895 31.073223 31.073559 31.073903 31.074255 31.074617 31.074987 31.075368
31.062596 31.062714 31.062835 31.062958 31.063082 31.063209 31.063338 31.063468 31.063602 31.063737 31.063874 31.064014 31.064156 31.064301 31.064449 31.064598 31.064751 31.064906 31.065064 31.065225 31.065389 31.065556 31.065726 31.065899 31.066075 31.066255 31.066438 31.066625 31.066815 31.067009 31.067207 31.067409 31.067615 31.067825 31.06804 31.068258 31.068482 31.06871 31.068943 31.069181 31.069424 31.069673 31.069927 31.070186 31.070452 31.070723 31.071001 31.071285 31.071575 31.071873 31.072177 31.072489 31.072808 31.073135 31.07347 31.073814 31.074166 31.074526 31.074897 31.075276
31.062545 31.062663 31.062783 31.062905 31.063029 31.063155 31.063283 31.063414 31.063546 31.063681 31.063818 31.063957 31.064099 31.064243 31.064389 31.064538 31.06469 31.064845 31.065002 31.065162 31.065325 31.065492 31.065661 31.065833 31.066009 31.066188 31.06637 31.066556 31.066746 31.066939 31.067136 31.067337 31.067542 31.067752 31.067965 31.068183 31.068406 31.068633 31.068866 31.069103 31.069345 31.069593 31.069846 31.070104 31.070369 31.070639 31.070916 31.071199 31.071489 31.071786 31.072089 31.0724 31.072719 31.073045 31.073379 31.073722 31.074073 31.074433 31.074803 31.075182
31.062494 31.062611 31.062731 31.062852 31.062976 31.063101 31.063229 31.063358 31.06349 31.063624 31.06376 31.063899 31.06404 31.064183 31.064329 31.064478 31.064629 31.064783 31.064939 31.065099 31.065261 31.065426 31.065595 31.065767 31.065941 31.06612 31.066301 31.066486 31.066675 31.066868 31.067064 31.067264 31.067468 31.067677 31.06789 31.068107 31.068329 31.068555 31.068786 31.069023 31.069264 31.069511 31.069763 31.070021 31.070284 31.070554 31.07083 31.071112 31.071401 31.071696 31.071999 31.072309 31.072626 31.072952 31.073285 31.073627 31.073978 31.074337 31.074706 31.075084
31.062442 31.062559 31.062678 31.062799 31.062921 31.063046 31.063173 31.063302 31.063433 31.063567 31.063702 31.06384 31.06398 31.064123 31.064268 31.064416 31.064567 31.06472 31.064875 31.065034 31.065196 31.06536 31.065528 31.065699 31.065873 31.06605 31.066231 31.066415 31.066603 31.066795 31.06699 31.06719 31.067393 31.067601 31.067812 31.068029 31.06825 31.068475 31.068705 31.068941 31.069181 31.069427 31.069678 31.069935 31.070197 31.070466 31.070741 31.071022 31.07131 31.071605 31.071906 31.072215 31.072532 31.072856 31.073189 31.07353 31.073879 31.074238 31.074605 31.074983
31.062389 31.062506 31.062624 31.062744 31.062866 31.062991 31.063117 31.063245 31.063376 31.063508 31.063643 31.063781 31.06392 31.064062 31.064207 31.064354 31.064503 31.064656 31.064811 31.064969 31.065129 31.065293 31.06546 31.06563 31.065803 31.06598 31.06616 31.066343 31.06653 31.066721 31.066915 31.067114 31.067316 31.067523 31.067734 31.067949 31.068169 31.068394 31.068623 31.068857 31.069097 31.069341 31.069591 31.069847 31.070109 31.070376 31.07065 31.07093 31.071217 31.071511 31.071811 31.072119 31.072435 31.072758 31.073089 31.073429 31.073778 31.074135 31.074502 31.074879
31.062336 31.062452 31.06257 31.062689 31.062811 31.062934 31.06306 31.063188 31.063317 31.063449 31.063584 31.06372 31.063859 31.064 31.064144 31.06429 31.064439 31.064591 31.064745 31.064902 31.065062 31.065225 31.065391 31.06556 31.065733 31.065908 31.066087 31.06627 31.066456 31.066646 31.066839 31.067037 31.067238 31.067444 31.067654 31.067868 31.068087 31.06831 31.068539 31.068772 31.06901 31.069254 31.069503 31.069758 31.070018 31.070285 31.070557 31.070836 31.071122 31.071414 31.071714 31.072021 31.072335 31.072657 31.072987 31.073326 31.073674 31.07403 31.074396 31.074771
31.062282 31.062398 31.062515 31.062634 31.062755 31.062877 31.063002 31.063129 31.063258 31.06339 31.063523 31.063659 31.063797 31.063938 31.064081 31.064226 31.064374 31.064525 31.064679 31.064835 31.064994 31.065156 31.065321 31.065489 31.065661 31.065836 31.066014 31.066195 31.06638 31.066569 31.066762 31.066958 31.067159 31.067363 31.067572 31.067786 31.068003 31.068226 31.068453 31.068685 31.068922 31.069165 31.069413 31.069666 31.069925 31.070191 31.070462 31.07074 31.071024 31.071316 31.071614 31.07192 31.072233 31.072554 31.072883 31.07322 31.073566 31.073921 31.074286 31.07466
31.062228 31.062343 31.062459 31.062577 31.062698 31.06282 31.062944 31.06307 31.063199 31.063329 31.063462 31.063597 31.063735 31.063874 31.064016 31.064161 31.064308 31.064458 31.064611 31.064766 31.064925 31.065086 31.06525 31.065418 31.065588 31.065762 31.065939 31.06612 31.066304 31.066492 31.066683 31.066879 31.067078 31.067282 31.067489 31.067702 31.067918 31.06814 31.068366 31.068597 31.068833 31.069074 31.069321 31.069573 31.069831 31.070095 31.070365 31.070642 31.070925 31.071215 31.071512 31.071816 31.072128 31.072447 31.072775 31.073111 31.073456 31.07381 31.074173 31.074546
31.062173 31.062287 31.062403 31.062521 31.06264 31.062762 31.062885 31.063011 31.063138 31.063268 31.0634 31.063535 31.063671 31.06381 31.063951 31.064095 31.064242 31.064391 31.064543 31.064697 31.064855 31.065015 31.065178 31.065345 31.065514 31.065687 31.065863 31.066043 31.066226 31.066413 31.066603 31.066798 31.066996 31.067198 31.067405 31.067616 31.067832 31.068052 31.068277 31.068506 31.068741 31.068981 31.069227 31.069478 31.069734 31.069997 31.070266 31.070541 31.070823 31.071112 31.071407 31.07171 31.07202 31.072339 31.072665 31.073 31.073343 31.073695 31.074057 31.074429
31.062118 31.062231 31.062346 31.062463 31.062582 31.062703 31.062826 31.06295 31.063077 31.063206 31.063338 31.063471 31.063607 31.063745 31.063886 31.064029 31.064174 31.064322 31.064473 31.064627 31.064784 31.064943 31.065105 31.065271 31.065439 31.065611 31.065786 31.065965 31.066147 31.066333 31.066522 31.066715 31.066913 31.067114 31.067319 31.067529 31.067744 31.067962 31.068186 31.068415 31.068648 31.068887 31.069131 31.069381 31.069636 31.069897 31.070165 31.070439 31.070719 31.071006 31.0713 31.071602 31.07191 31.072227 31.072552 31.072885 31.073227 31.073578 31.073938 31.074308
31.062062 31.062174 31.062289 31.062405 31.062523 31.062643 31.062765 31.062889 31.063016 31.063144 31.063274 31.063407 31.063542 31.063679 31.063819 31.063961 31.064106 31.064253 31.064403 31.064556 31.064711 31.06487 31.065031 31.065196 31.065363 31.065534 31.065708 31.065886 31.066067 31.066251 31.06644 31.066632 31.066828 31.067028 31.067232 31.067441 31.067654 31.067871 31.068094 31.068321 31.068553 31.068791 31.069033 31.069282 31.069536 31.069796 31.070062 31.070334 31.070613 31.070898 31.071191 31.071491 31.071798 31.072113 31.072436 31.072768 31.073108 31.073457 31.073815 31.074184
31.062005 31.062117 31.062231 31.062346 31.062464 31.062583 31.062704 31.062828 31.062953 31.063081 31.06321 31.063342 31.063476 31.063613 31.063752 31.063893 31.064037 31.064183 31.064332 31.064484 31.064638 31.064796 31.064956 31.06512 31.065286 31.065456 31.065629 31.065805 31.065985 31.066169 31.066356 31.066547 31.066742 31.066941 31.067144 31.067351 31.067563 31.067779 31.068 31.068226 31.068457 31.068693 31.068934 31.069181 31.069433 31.069692 31.069956 31.070227 31.070504 31.070788 31.071079 31.071377 31.071683 31.071996 31.072318 31.072647 31.072986 31.073333 31.07369 31.074056
31.061948 31.062059 31.062172 31.062287 31.062404 31.062522 31.062643 31.062765 31.06289 31.063017 31.063145 31.063276 31.06341 31.063545 31.063683 31.063824 31.063967 31.064112 31.06426 31.064411 31.064565 31.064721 31.06488 31.065043 31.065208 31.065377 31.065549 31.065724 31.065903 31.066085 31.066271 31.066461 31.066654 31.066852 31.067054 31.06726 31.06747 31.067685 31.067905 31.068129 31.068359 31.068593 31.068833 31.069078 31.069329 31.069586 31.069849 31.070118 31.070393 31.070676 31.070965 31.071261 31.071565 31.071877 31.072196 31.072524 31.072861 31.073206 31.073561 31.073926
31.06189 31.062001 31.062113 31.062227 31.062343 31.062461 31.062581 31.062702 31.062826 31.062952 31.06308 31.06321 31.063343 31.063477 31.063614 31.063754 31.063896 31.06404 31.064187 31.064337 31.06449 31.064645 31.064803 31.064965 31.065129 31.065297 31.065467 31.065641 31.065819 31.066 31.066185 31.066373 31.066566 31.066762 31.066962 31.067167 31.067376 31.06759 31.067808 31.068031 31.068259 31.068492 31.06873 31.068974 31.069223 31.069478 31.069739 31.070007 31.070281 31.070561 31.070849 31.071143 31.071445 31.071755 31.072073 31.072399 31.072733 31.073077 31.073429 31.073792
31.061832 31.061942 31.062053 31.062167 31.062282 31.062399 31.062518 31.062639 31.062762 31.062887 31.063014 31.063143 31.063275 31.063408 31.063544 31.063683 31.063824 31.063967 31.064114 31.064262 31.064414 31.064568 31.064725 31.064886 31.065049 31.065215 31.065385 31.065558 31.065734 31.065914 31.066097 31.066285 31.066476 31.066671 31.06687 31.067073 31.067281 31.067493 31.067709 31.067931 31.068157 31.068388 31.068625 31.068867 31.069115 31.069368 31.069628 31.069893 31.070166 31.070444 31.07073 31.071022 31.071323 31.07163 31.071946 31.07227 31.072602 31.072944 31.073294 31.073654
31.061773 31.061882 31.061993 31.062106 31.06222 31.062336 31.062454 31.062574 31.062696 31.062821 31.062947 31.063075 31.063206 31.063339 31.063474 31.063611 31.063751 31.063894 31.064039 31.064187 31.064337 31.06449 31.064647 31.064806 31.064968 31.065133 31.065301 31.065473 31.065648 31.065827 31.066009 31.066195 31.066384 31.066578 31.066776 31.066977 31.067184 31.067394 31.067609 31.067829 31.068054 31.068284 31.068519 31.068759 31.069005 31.069257 31.069514 31.069778 31.070048 31.070325 31.070609 31.070899 31.071197 31.071503 31.071817 31.072138 31.072469 31.072808 31.073156 31.073514
