layers/tmax.tif
NCOLS 300
NROWS 300
XLLCORNER 108.422
YLLCORNER 2.17447
DX 0.11742
DY 0.06627
NODATA_VALUE -9999
[rows 26 to 51 of 300, columns 240 to 299 of 300]
31.051889 31.051772 31.051658 31.051544 31.051433 31.051324 31.051217 31.051111 31.051007 31.050905 31.050805 31.050706 31.050609 31.050514 31.050421 31.050329 31.050238 31.05015 31.050062 31.049977 31.049893 31.04981 31.049729 31.049649 31.049571 31.049494 31.049418 31.049344 31.049271 31.049199 31.049129 31.04906 31.048992 31.048925 31.04886 31.048795 31.048732 31.04867 31.04861 31.04855 31.048491 31.048434 31.048377 31.048322 31.048267 31.048214 31.048161 31.04811 31.048059 31.048009 31.04796 31.047913 31.047866 31.047819 31.047774 31.04773 31.047686 31.047643 31.047601 31.04756
31.051842 31.051725 31.05161 31.051497 31.051386 31.051276 31.051169 31.051063 31.050959 31.050857 31.050757 31.050658 31.050561 31.050466 31.050373 31.050281 31.05019 31.050102 31.050015 31.049929 31.049845 31.049762 31.049681 31.049601 31.049523 31.049446 31.049371 31.049297 31.049224 31.049152 31.049082 31.049013 31.048946 31.048879 31.048814 31.04875 31.048687 31.048625 31.048564 31.048505 31.048446 31.048389 31.048333 31.048277 31.048223 31.04817 31.048118 31.048066 31.048016 31.047966 31.047918 31.04787 31.047823 31.047778 31.047732 31.047688 31.047645 31.047602 31.04756 31.047519
31.051795 31.051678 31.051562 31.051449 31.051338 31.051228 31.05112 31.051015 31.050911 31.050809 31.050708 31.05061 31.050513 31.050418 31.050324 31.050232 31.050142 31.050053 31.049966 31.049881 31.049797 31.049714 31.049633 31.049553 31.049475 31.049399 31.049323 31.049249 31.049177 31.049105 31.049035 31.048966 31.048899 31.048833 31.048768 31.048704 31.048641 31.048579 31.048519 31.04846 31.048401 31.048344 31.048288 31.048233 31.048179 31.048126 31.048074 31.048023 31.047972 31.047923 31.047875 31.047828 31.047781 31.047735 31.04769 31.047646 31.047603 31.047561 31.047519 31.047479
31.051747 31.051629 31.051514 31.0514 31.051289 31.051179 31.051071 31.050966 31.050862 31.050759 31.050659 31.05056 31.050464 31.050368 31.050275 31.050183 31.050093 31.050004 31.049917 31.049832 31.049748 31.049665 31.049585 31.049505 31.049427 31.04935 31.049275 31.049201 31.049129 31.049058 31.048988 31.048919 31.048852 31.048786 31.048721 31.048657 31.048595 31.048533 31.048473 31.048414 31.048356 31.048299 31.048243 31.048188 31.048134 31.048081 31.04803 31.047979 31.047929 31.04788 31.047832 31.047785 31.047738 31.047693 31.047648 31.047604 31.047562 31.047519 31.047478 31.047438
31.051698 31.05158 31.051464 31.051351 31.051239 31.05113 31.051022 31.050916 31.050812 31.05071 31.050609 31.050511 31.050414 31.050319 31.050225 31.050133 31.050043 31.049955 31.049868 31.049782 31.049699 31.049616 31.049536 31.049456 31.049378 31.049302 31.049227 31.049153 31.049081 31.04901 31.04894 31.048872 31.048804 31.048739 31.048674 31.04861 31.048548 31.048487 31.048427 31.048368 31.04831 31.048253 31.048198 31.048143 31.048089 31.048037 31.047985 31.047935 31.047885 31.047836 31.047788 31.047741 31.047695 31.04765 31.047606 31.047562 31.047519 31.047478 31.047436 31.047396
31.051648 31.05153 31.051415 31.051301 31.051189 31.051079 31.050972 31.050866 31.050762 31.050659 31.050559 31.05046 31.050363 31.050268 31.050175 31.050083 31.049993 31.049905 31.049818 31.049733 31.049649 31.049567 31.049486 31.049407 31.049329 31.049253 31.049178 31.049104 31.049032 31.048961 31.048892 31.048824 31.048757 31.048691 31.048626 31.048563 31.048501 31.04844 31.04838 31.048322 31.048264 31.048207 31.048152 31.048098 31.048044 31.047992 31.04794 31.04789 31.047841 31.047792 31.047744 31.047698 31.047652 31.047607 31.047563 31.04752 31.047477 31.047436 31.047395 31.047355
31.051598 31.05148 31.051364 31.05125 31.051138 31.051029 31.050921 31.050815 31.050711 31.050608 31.050508 31.050409 31.050313 31.050218 31.050124 31.050033 31.049943 31.049854 31.049767 31.049682 31.049599 31.049517 31.049436 31.049357 31.049279 31.049203 31.049129 31.049055 31.048983 31.048913 31.048843 31.048775 31.048708 31.048643 31.048579 31.048515 31.048454 31.048393 31.048333 31.048275 31.048217 31.048161 31.048106 31.048052 31.047999 31.047946 31.047895 31.047845 31.047796 31.047748 31.0477 31.047654 31.047608 31.047564 31.04752 31.047477 31.047435 31.047393 31.047353 31.047313
31.051547 31.051429 31.051313 31.051199 31.051087 31.050977 31.050869 31.050763 31.050659 31.050557 31.050457 31.050358 31.050261 31.050166 31.050073 31.049981 31.049891 31.049803 31.049716 31.049631 31.049548 31.049466 31.049386 31.049307 31.049229 31.049153 31.049079 31.049006 31.048934 31.048863 31.048794 31.048726 31.04866 31.048594 31.04853 31.048467 31.048406 31.048345 31.048286 31.048228 31.048171 31.048115 31.04806 31.048006 31.047953 31.047901 31.04785 31.0478 31.047751 31.047703 31.047656 31.04761 31.047564 31.04752 31.047476 31.047434 31.047392 31.047351 31.04731 31.047271
31.051495 31.051377 31.051261 31.051147 31.051035 31.050925 31.050817 31.050711 31.050607 31.050505 31.050404 31.050306 31.050209 31.050114 31.050021 31.04993 31.04984 31.049752 31.049665 31.04958 31.049497 31.049415 31.049335 31.049256 31.049179 31.049103 31.049029 31.048956 31.048884 31.048814 31.048745 31.048677 31.048611 31.048546 31.048482 31.048419 31.048358 31.048297 31.048238 31.04818 31.048123 31.048068 31.048013 31.047959 31.047907 31.047855 31.047804 31.047755 31.047706 31.047658 31.047611 31.047565 31.04752 31.047476 31.047433 31.04739 31.047349 31.047308 31.047268 31.047228
31.051443 31.051325 31.051209 31.051094 31.050982 31.050872 31.050764 31.050658 31.050554 31.050452 31.050352 31.050253 31.050157 31.050062 31.049969 31.049877 31.049787 31.049699 31.049613 31.049528 31.049445 31.049363 31.049283 31.049205 31.049128 31.049052 31.048978 31.048905 31.048834 31.048764 31.048695 31.048627 31.048561 31.048496 31.048433 31.04837 31.048309 31.048249 31.04819 31.048132 31.048076 31.04802 31.047966 31.047912 31.04786 31.047809 31.047758 31.047709 31.04766 31.047613 31.047566 31.047521 31.047476 31.047432 31.047389 31.047347 31.047305 31.047265 31.047225 31.047186
31.05139 31.051272 31.051155 31.051041 31.050929 31.050819 31.050711 31.050605 31.050501 31.050399 31.050298 31.0502 31.050103 31.050009 31.049916 31.049824 31.049735 31.049647 31.049561 31.049476 31.049393 31.049311 31.049231 31.049153 31.049076 31.049001 31.048927 31.048854 31.048783 31.048713 31.048644 31.048577 31.048511 31.048447 31.048383 31.048321 31.04826 31.0482 31.048142 31.048084 31.048028 31.047973 31.047918 31.047865 31.047813 31.047762 31.047712 31.047663 31.047615 31.047567 31.047521 31.047476 31.047431 31.047387 31.047345 31.047303 31.047262 31.047221 31.047182 31.047143
31.051336 31.051218 31.051101 31.050987 31.050875 31.050765 31.050657 31.050551 31.050447 31.050345 31.050245 31.050146 31.05005 31.049955 31.049862 31.049771 31.049681 31.049594 31.049507 31.049423 31.04934 31.049259 31.049179 31.049101 31.049024 31.048949 31.048875 31.048803 31.048732 31.048662 31.048594 31.048527 31.048461 31.048397 31.048334 31.048272 31.048211 31.048151 31.048093 31.048036 31.04798 31.047925 31.047871 31.047818 31.047766 31.047715 31.047665 31.047616 31.047568 31.047521 31.047475 31.04743 31.047386 31.047343 31.0473 31.047259 31.047218 31.047178 31.047138 31.0471
31.051282 31.051163 31.051047 31.050933 31.050821 31.05071 31.050602 31.050496 31.050392 31.05029 31.05019 31.050092 31.049995 31.049901 31.049808 31.049717 31.049627 31.04954 31.049454 31.04937 31.049287 31.049206 31.049126 31.049048 31.048972 31.048897 31.048823 31.048751 31.04868 31.048611 31.048543 31.048476 31.04841 31.048346 31.048283 31.048222 31.048161 31.048102 31.048044 31.047987 31.047931 31.047876 31.047823 31.04777 31.047718 31.047668 31.047618 31.04757 31.047522 31.047475 31.04743 31.047385 31.047341 31.047298 31.047255 31.047214 31.047174 31.047134 31.047095 31.047057
31.051227 31.051108 31.050992 31.050877 31.050765 31.050655 31.050547 31.050441 31.050337 31.050235 31.050135 31.050037 31.04994 31.049846 31.049753 31.049662 31.049573 31.049486 31.0494 31.049316 31.049233 31.049152 31.049073 31.048995 31.048919 31.048844 31.04877 31.048698 31.048628 31.048559 31.048491 31.048424 31.048359 31.048295 31.048233 31.048171 31.048111 31.048052 31.047994 31.047938 31.047882 31.047828 31.047774 31.047722 31.04767 31.04762 31.047571 31.047523 31.047475 31.047429 31.047383 31.047339 31.047295 31.047252 31.04721 31.047169 31.047129 31.04709 31.047051 31.047013
31.051171 31.051052 31.050936 31.050821 31.050709 31.050599 31.050491 31.050385 31.050281 31.050179 31.050079 31.049981 31.049885 31.049791 31.049698 31.049607 31.049518 31.049431 31.049345 31.049261 31.049179 31.049098 31.049019 31.048941 31.048865 31.048791 31.048717 31.048646 31.048575 31.048506 31.048439 31.048373 31.048308 31.048244 31.048182 31.048121 31.048061 31.048002 31.047944 31.047888 31.047833 31.047778 31.047725 31.047673 31.047622 31.047572 31.047523 31.047475 31.047428 31.047382 31.047337 31.047293 31.047249 31.047207 31.047165 31.047124 31.047084 31.047045 31.047007 31.046969
31.051114 31.050996 31.050879 31.050765 31.050653 31.050542 31.050435 31.050329 31.050225 31.050123 31.050023 31.049925 31.049829 31.049735 31.049642 31.049551 31.049463 31.049375 31.04929 31.049206 31.049124 31.049043 31.048965 31.048887 31.048811 31.048737 31.048664 31.048592 31.048522 31.048454 31.048386 31.04832 31.048256 31.048192 31.04813 31.048069 31.04801 31.047951 31.047894 31.047838 31.047783 31.047729 31.047676 31.047624 31.047574 31.047524 31.047475 31.047428 31.047381 31.047335 31.04729 31.047246 31.047203 31.047161 31.04712 31.047079 31.047039 31.047001 31.046963 31.046925
31.051057 31.050938 31.050822 31.050707 31.050595 31.050485 31.050377 31.050271 31.050168 31.050066 31.049966 31.049868 31.049772 31.049678 31.049586 31.049495 31.049406 31.049319 31.049234 31.049151 31.049069 31.048988 31.04891 31.048832 31.048757 31.048683 31.04861 31.048539 31.048469 31.048401 31.048334 31.048268 31.048203 31.04814 31.048079 31.048018 31.047959 31.0479 31.047843 31.047788 31.047733 31.047679 31.047627 31.047575 31.047525 31.047476 31.047427 31.04738 31.047333 31.047288 31.047243 31.0472 31.047157 31.047115 31.047074 31.047034 31.046994 31.046956 31.046918 31.046881
31.050999 31.05088 31.050764 31.050649 31.050537 31.050427 31.050319 31.050213 31.05011 31.050008 31.049908 31.049811 31.049715 31.049621 31.049529 31.049438 31.04935 31.049263 31.049178 31.049095 31.049013 31.048933 31.048854 31.048777 31.048702 31.048628 31.048556 31.048485 31.048415 31.048347 31.04828 31.048215 31.048151 31.048088 31.048026 31.047966 31.047907 31.047849 31.047792 31.047737 31.047682 31.047629 31.047577 31.047526 31.047476 31.047427 31.047379 31.047331 31.047285 31.04724 31.047196 31.047153 31.04711 31.047068 31.047028 31.046988 31.046949 31.046911 31.046873 31.046836
31.05094 31.050821 31.050705 31.05059 31.050478 31.050368 31.050261 31.050155 31.050051 31.04995 31.04985 31.049752 31.049657 31.049563 31.049471 31.049381 31.049293 31.049206 31.049121 31.049038 31.048956 31.048877 31.048798 31.048722 31.048646 31.048573 31.048501 31.04843 31.048361 31.048293 31.048226 31.048161 31.048097 31.048035 31.047974 31.047914 31.047855 31.047797 31.047741 31.047686 31.047632 31.047579 31.047527 31.047476 31.047426 31.047377 31.04733 31.047283 31.047237 31.047192 31.047148 31.047105 31.047063 31.047022 31.046981 31.046942 31.046903 31.046865 31.046828 31.046792
31.050881 31.050762 31.050645 31.050531 31.050419 31.050309 31.050201 31.050096 31.049992 31.049891 31.049791 31.049694 31.049598 31.049505 31.049413 31.049323 31.049235 31.049148 31.049064 31.048981 31.0489 31.04882 31.048742 31.048665 31.048591 31.048517 31.048445 31.048375 31.048306 31.048238 31.048172 31.048107 31.048044 31.047982 31.047921 31.047861 31.047803 31.047745 31.047689 31.047634 31.047581 31.047528 31.047476 31.047426 31.047376 31.047328 31.04728 31.047234 31.047188 31.047144 31.0471 31.047058 31.047016 31.046975 31.046935 31.046896 31.046857 31.046819 31.046783 31.046747
31.05082 31.050701 31.050585 31.050471 31.050359 31.050249 31.050141 31.050036 31.049932 31.049831 31.049732 31.049634 31.049539 31.049446 31.049354 31.049264 31.049176 31.04909 31.049006 31.048923 31.048842 31.048763 31.048685 31.048609 31.048534 31.048461 31.04839 31.048319 31.048251 31.048183 31.048118 31.048053 31.04799 31.047928 31.047867 31.047808 31.04775 31.047693 31.047637 31.047583 31.047529 31.047477 31.047425 31.047375 31.047326 31.047278 31.047231 31.047185 31.04714 31.047095 31.047052 31.04701 31.046968 31.046928 31.046888 31.046849 31.046811 31.046774 31.046737 31.046701
31.050759 31.05064 31.050524 31.05041 31.050298 31.050188 31.05008 31.049975 31.049872 31.049771 31.049672 31.049574 31.049479 31.049386 31.049295 31.049205 31.049117 31.049031 31.048947 31.048865 31.048784 31.048705 31.048628 31.048552 31.048477 31.048404 31.048333 31.048263 31.048195 31.048128 31.048062 31.047998 31.047935 31.047874 31.047813 31.047754 31.047697 31.04764 31.047585 31.04753 31.047477 31.047425 31.047374 31.047324 31.047276 31.047228 31.047181 31.047135 31.04709 31.047047 31.047004 31.046962 31.04692 31.04688 31.046841 31.046802 31.046764 31.046727 31.046691 31.046656
31.050697 31.050578 31.050462 31.050348 31.050236 31.050126 31.050019 31.049914 31.049811 31.04971 31.049611 31.049514 31.049419 31.049326 31.049235 31.049145 31.049058 31.048972 31.048888 31.048806 31.048726 31.048647 31.04857 31.048494 31.04842 31.048347 31.048276 31.048207 31.048139 31.048072 31.048007 31.047943 31.04788 31.047819 31.047759 31.047701 31.047643 31.047587 31.047532 31.047478 31.047425 31.047373 31.047323 31.047273 31.047225 31.047177 31.047131 31.047085 31.047041 31.046997 31.046955 31.046913 31.046872 31.046832 31.046793 31.046755 31.046718 31.046681 31.046645 31.04661
31.050635 31.050516 31.050399 31.050285 31.050174 31.050064 31.049957 31.049852 31.049749 31.049648 31.049549 31.049453 31.049358 31.049265 31.049174 31.049085 31.048998 31.048912 31.048829 31.048747 31.048667 31.048588 31.048511 31.048436 31.048362 31.04829 31.048219 31.04815 31.048082 31.048016 31.047951 31.047887 31.047825 31.047764 31.047705 31.047646 31.047589 31.047533 31.047478 31.047425 31.047372 31.047321 31.047271 31.047222 31.047174 31.047126 31.04708 31.047035 31.046991 31.046948 31.046906 31.046864 31.046824 31.046784 31.046745 31.046708 31.04667 31.046634 31.046599 31.046564
31.050571 31.050452 31.050336 31.050222 31.050111 31.050001 31.049894 31.049789 31.049686 31.049586 31.049487 31.049391 31.049296 31.049203 31.049113 31.049024 31.048937 31.048852 31.048768 31.048687 31.048607 31.048529 31.048452 31.048377 31.048304 31.048232 31.048161 31.048093 31.048025 31.047959 31.047895 31.047831 31.047769 31.047709 31.04765 31.047592 31.047535 31.047479 31.047425 31.047372 31.047319 31.047268 31.047219 31.04717 31.047122 31.047075 31.04703 31.046985 31.046941 31.046898 31.046856 31.046815 31.046775 31.046736 31.046697 31.04666 31.046623 31.046587 31.046552 31.046518
31.050507 31.050388 31.050272 31.050158 31.050047 31.049938 31.049831 31.049726 31.049623 31.049523 31.049424 31.049328 31.049234 31.049141 31.049051 31.048962 31.048876 31.048791 31.048708 31.048626 31.048547 31.048469 31.048393 31.048318 31.048245 31.048173 31.048103 31.048035 31.047968 31.047902 31.047838 31.047775 31.047713 31.047653 31.047594 31.047536 31.04748 31.047425 31.047371 31.047318 31.047266 31.047216 31.047166 31.047118 31.04707 31.047024 31.046978 31.046934 31.046891 31.046848 31.046807 31.046766 31.046726 31.046687 31.046649 31.046612 31.046576 31.04654 31.046505 31.046471
