layers/tmax.tif
NCOLS 300
NROWS 300
XLLCORNER 108.422
YLLCORNER 2.17447
DX 0.11742
DY 0.06627
NODATA_VALUE -9999
[rows 0 to 25 of 300, columns 240 to 299 of 300]
31.052904 31.052794 31.052686 31.052579 31.052473 31.052369 31.052267 31.052166 31.052066 31.051968 31.051871 31.051775 31.051681 31.051588 31.051496 31.051406 31.051317 31.05123 31.051143 31.051058 31.050974 31.050892 31.05081 31.05073 31.050651 31.050573 31.050497 31.050421 31.050347 31.050273 31.050201 31.05013 31.05006 31.049991 31.049923 31.049856 31.049791 31.049726 31.049662 31.049599 31.049537 31.049476 31.049416 31.049357 31.049299 31.049242 31.049186 31.04913 31.049076 31.049022 31.048969 31.048917 31.048866 31.048815 31.048766 31.048717 31.048669 31.048622 31.048575 31.048529
31.052872 31.052762 31.052653 31.052546 31.05244 31.052336 31.052233 31.052131 31.052032 31.051933 31.051836 31.05174 31.051646 31.051553 31.051461 31.05137 31.051281 31.051194 31.051107 31.051022 31.050938 31.050855 31.050774 31.050694 31.050615 31.050537 31.05046 31.050384 31.05031 31.050237 31.050165 31.050094 31.050024 31.049955 31.049887 31.04982 31.049754 31.049689 31.049626 31.049563 31.049501 31.04944 31.04938 31.049321 31.049263 31.049206 31.04915 31.049095 31.04904 31.048987 31.048934 31.048882 31.048831 31.04878 31.048731 31.048682 31.048634 31.048587 31.048541 31.048495
31.052839 31.052728 31.052619 31.052512 31.052406 31.052301 31.052198 31.052097 31.051997 31.051898 31.0518 31.051704 31.05161 31.051517 31.051425 31.051334 31.051245 31.051157 31.051071 31.050985 31.050901 31.050819 31.050737 31.050657 31.050578 31.0505 31.050423 31.050347 31.050273 31.0502 31.050128 31.050057 31.049987 31.049918 31.04985 31.049783 31.049717 31.049653 31.049589 31.049526 31.049465 31.049404 31.049344 31.049285 31.049227 31.04917 31.049114 31.049059 31.049004 31.048951 31.048898 31.048846 31.048795 31.048745 31.048696 31.048647 31.048599 31.048552 31.048506 31.04846
31.052806 31.052695 31.052585 31.052478 31.052371 31.052267 31.052163 31.052061 31.051961 31.051862 31.051765 31.051668 31.051574 31.05148 31.051388 31.051298 31.051208 31.05112 31.051034 31.050948 31.050864 31.050782 31.0507 31.05062 31.05054 31.050463 31.050386 31.05031 31.050236 31.050163 31.05009 31.050019 31.049949 31.049881 31.049813 31.049746 31.04968 31.049616 31.049552 31.049489 31.049428 31.049367 31.049307 31.049249 31.049191 31.049134 31.049078 31.049023 31.048968 31.048915 31.048862 31.048811 31.04876 31.04871 31.04866 31.048612 31.048564 31.048517 31.048471 31.048426
31.052772 31.052661 31.052551 31.052443 31.052336 31.052231 31.052128 31.052026 31.051925 31.051826 31.051728 31.051632 31.051537 31.051444 31.051351 31.051261 31.051171 31.051083 31.050996 31.050911 31.050827 31.050744 31.050662 31.050582 31.050503 31.050425 31.050348 31.050273 31.050198 31.050125 31.050053 31.049982 31.049912 31.049843 31.049775 31.049709 31.049643 31.049578 31.049515 31.049452 31.049391 31.04933 31.04927 31.049212 31.049154 31.049097 31.049041 31.048986 31.048932 31.048879 31.048826 31.048775 31.048724 31.048674 31.048625 31.048576 31.048529 31.048482 31.048436 31.048391
31.052737 31.052626 31.052516 31.052408 31.052301 31.052196 31.052092 31.05199 31.051889 31.051789 31.051691 31.051595 31.0515 31.051406 31.051314 31.051223 31.051134 31.051046 31.050959 31.050873 31.050789 31.050706 31.050624 31.050544 31.050465 31.050387 31.05031 31.050234 31.05016 31.050087 31.050015 31.049944 31.049874 31.049805 31.049737 31.049671 31.049605 31.049541 31.049477 31.049415 31.049353 31.049293 31.049233 31.049175 31.049117 31.04906 31.049004 31.048949 31.048895 31.048842 31.04879 31.048738 31.048688 31.048638 31.048589 31.048541 31.048493 31.048446 31.048401 31.048355
31.052703 31.052591 31.052481 31.052372 31.052265 31.052159 31.052055 31.051953 31.051852 31.051752 31.051654 31.051558 31.051462 31.051369 31.051276 31.051185 31.051096 31.051007 31.050921 31.050835 31.050751 31.050668 31.050586 31.050506 31.050426 31.050348 31.050272 31.050196 31.050122 31.050048 31.049976 31.049905 31.049836 31.049767 31.049699 31.049633 31.049567 31.049503 31.049439 31.049377 31.049315 31.049255 31.049196 31.049137 31.049079 31.049023 31.048967 31.048912 31.048858 31.048805 31.048753 31.048702 31.048651 31.048602 31.048553 31.048505 31.048457 31.048411 31.048365 31.04832
31.052667 31.052555 31.052445 31.052336 31.052228 31.052123 31.052018 31.051916 31.051815 31.051715 31.051617 31.05152 31.051424 31.051331 31.051238 31.051147 31.051057 31.050969 31.050882 31.050796 31.050712 31.050629 31.050547 31.050467 31.050388 31.05031 31.050233 31.050157 31.050083 31.05001 31.049938 31.049867 31.049797 31.049728 31.049661 31.049594 31.049529 31.049464 31.049401 31.049339 31.049277 31.049217 31.049158 31.049099 31.049042 31.048985 31.04893 31.048875 31.048821 31.048768 31.048716 31.048665 31.048615 31.048565 31.048516 31.048468 31.048421 31.048375 31.048329 31.048284
31.052631 31.052519 31.052408 31.052299 31.052191 31.052085 31.051981 31.051878 31.051777 31.051677 31.051578 31.051481 31.051386 31.051292 31.051199 31.051108 31.051018 31.05093 31.050843 31.050757 31.050673 31.05059 31.050508 31.050428 31.050348 31.05027 31.050194 31.050118 31.050044 31.04997 31.049898 31.049828 31.049758 31.049689 31.049622 31.049555 31.04949 31.049426 31.049362 31.0493 31.049239 31.049179 31.049119 31.049061 31.049004 31.048947 31.048892 31.048837 31.048784 31.048731 31.048679 31.048628 31.048578 31.048528 31.04848 31.048432 31.048385 31.048339 31.048293 31.048248
31.052595 31.052482 31.052371 31.052262 31.052154 31.052048 31.051943 31.05184 31.051738 31.051638 31.05154 31.051443 31.051347 31.051253 31.05116 31.051069 31.050979 31.050891 31.050803 31.050718 31.050633 31.05055 31.050468 31.050388 31.050309 31.050231 31.050154 31.050078 31.050004 31.049931 31.049859 31.049788 31.049719 31.04965 31.049583 31.049516 31.049451 31.049387 31.049323 31.049261 31.0492 31.04914 31.049081 31.049023 31.048966 31.048909 31.048854 31.048799 31.048746 31.048693 31.048641 31.04859 31.04854 31.048491 31.048443 31.048395 31.048348 31.048302 31.048257 31.048212
31.052558 31.052445 31.052334 31.052224 31.052116 31.052009 31.051905 31.051801 31.0517 31.051599 31.051501 31.051403 31.051308 31.051213 31.051121 31.051029 31.050939 31.050851 31.050764 31.050678 31.050593 31.05051 31.050428 31.050348 31.050269 31.050191 31.050114 31.050038 31.049964 31.049891 31.049819 31.049748 31.049679 31.04961 31.049543 31.049477 31.049411 31.049347 31.049284 31.049222 31.049161 31.049101 31.049042 31.048984 31.048927 31.048871 31.048816 31.048761 31.048708 31.048655 31.048604 31.048553 31.048503 31.048454 31.048405 31.048358 31.048311 31.048265 31.04822 31.048176
31.052521 31.052407 31.052296 31.052186 31.052077 31.051971 31.051866 31.051762 31.05166 31.05156 31.051461 31.051364 31.051268 31.051173 31.051081 31.050989 31.050899 31.05081 31.050723 31.050637 31.050553 31.05047 31.050388 31.050307 31.050228 31.05015 31.050074 31.049998 31.049924 31.049851 31.049779 31.049708 31.049639 31.04957 31.049503 31.049437 31.049372 31.049308 31.049245 31.049183 31.049122 31.049062 31.049003 31.048945 31.048888 31.048832 31.048777 31.048723 31.048669 31.048617 31.048566 31.048515 31.048465 31.048416 31.048368 31.048321 31.048274 31.048228 31.048183 31.048139
31.052482 31.052369 31.052257 31.052147 31.052038 31.051931 31.051826 31.051722 31.05162 31.05152 31.051421 31.051323 31.051227 31.051133 31.05104 31.050948 31.050858 31.05077 31.050682 31.050597 31.050512 31.050429 31.050347 31.050267 31.050187 31.050109 31.050033 31.049957 31.049883 31.04981 31.049738 31.049668 31.049598 31.04953 31.049463 31.049397 31.049332 31.049268 31.049205 31.049143 31.049082 31.049022 31.048963 31.048906 31.048849 31.048793 31.048738 31.048684 31.048631 31.048579 31.048527 31.048477 31.048427 31.048378 31.04833 31.048283 31.048237 31.048191 31.048146 31.048102
31.052444 31.05233 31.052218 31.052108 31.051999 31.051892 31.051786 31.051682 31.05158 31.051479 31.05138 31.051283 31.051187 31.051092 31.050999 31.050907 31.050817 31.050728 31.050641 31.050555 31.050471 31.050388 31.050306 31.050225 31.050146 31.050068 31.049992 31.049916 31.049842 31.049769 31.049697 31.049627 31.049557 31.049489 31.049422 31.049356 31.049291 31.049227 31.049164 31.049103 31.049042 31.048982 31.048924 31.048866 31.048809 31.048754 31.048699 31.048645 31.048592 31.04854 31.048489 31.048438 31.048389 31.04834 31.048292 31.048245 31.048199 31.048154 31.048109 31.048065
31.052405 31.052291 31.052178 31.052068 31.051959 31.051851 31.051746 31.051642 31.051539 31.051438 31.051339 31.051241 31.051145 31.051051 31.050957 31.050866 31.050776 31.050687 31.050599 31.050514 31.050429 31.050346 31.050264 31.050184 31.050104 31.050026 31.04995 31.049875 31.0498 31.049728 31.049656 31.049585 31.049516 31.049448 31.049381 31.049315 31.04925 31.049187 31.049124 31.049062 31.049002 31.048942 31.048884 31.048826 31.048769 31.048714 31.048659 31.048605 31.048553 31.048501 31.04845 31.048399 31.04835 31.048302 31.048254 31.048207 31.048161 31.048116 31.048071 31.048028
31.052365 31.052251 31.052138 31.052027 31.051918 31.05181 31.051705 31.0516 31.051498 31.051397 31.051297 31.0512 31.051103 31.051009 31.050915 31.050824 31.050733 31.050645 31.050557 31.050471 31.050387 31.050304 31.050222 31.050141 31.050062 31.049984 31.049908 31.049833 31.049759 31.049686 31.049614 31.049544 31.049475 31.049406 31.04934 31.049274 31.049209 31.049145 31.049083 31.049021 31.048961 31.048902 31.048843 31.048786 31.048729 31.048674 31.048619 31.048566 31.048513 31.048461 31.04841 31.04836 31.048311 31.048263 31.048215 31.048169 31.048123 31.048078 31.048034 31.04799
31.052325 31.05221 31.052097 31.051986 31.051877 31.051769 31.051663 31.051559 31.051456 31.051355 31.051255 31.051157 31.051061 31.050966 31.050873 31.050781 31.050691 31.050602 31.050515 31.050429 31.050344 31.050261 31.050179 31.050099 31.05002 31.049942 31.049865 31.04979 31.049716 31.049643 31.049572 31.049502 31.049433 31.049365 31.049298 31.049232 31.049168 31.049104 31.049042 31.04898 31.04892 31.048861 31.048802 31.048745 31.048689 31.048634 31.048579 31.048526 31.048473 31.048422 31.048371 31.048321 31.048272 31.048224 31.048177 31.04813 31.048085 31.04804 31.047996 31.047952
31.052284 31.052169 31.052056 31.051945 31.051835 31.051727 31.051621 31.051516 31.051414 31.051312 31.051213 31.051115 31.051018 31.050923 31.05083 31.050738 31.050648 31.050559 31.050472 31.050386 31.050301 31.050218 31.050136 31.050056 31.049977 31.049899 31.049823 31.049747 31.049674 31.049601 31.049529 31.049459 31.04939 31.049322 31.049256 31.04919 31.049126 31.049062 31.049 31.048939 31.048879 31.04882 31.048761 31.048704 31.048648 31.048593 31.048539 31.048486 31.048433 31.048382 31.048331 31.048282 31.048233 31.048185 31.048138 31.048091 31.048046 31.048001 31.047957 31.047914
31.052242 31.052127 31.052014 31.051902 31.051793 31.051685 31.051578 31.051474 31.051371 31.051269 31.051169 31.051071 31.050975 31.05088 31.050787 31.050695 31.050604 31.050515 31.050428 31.050342 31.050258 31.050174 31.050093 31.050012 31.049933 31.049856 31.049779 31.049704 31.04963 31.049558 31.049487 31.049416 31.049347 31.04928 31.049213 31.049148 31.049083 31.04902 31.048958 31.048897 31.048837 31.048778 31.04872 31.048663 31.048607 31.048552 31.048498 31.048445 31.048393 31.048342 31.048291 31.048242 31.048193 31.048145 31.048098 31.048052 31.048007 31.047962 31.047919 31.047876
31.0522 31.052085 31.051972 31.05186 31.05175 31.051642 31.051535 31.05143 31.051327 31.051226 31.051126 31.051028 31.050931 31.050836 31.050743 31.050651 31.05056 31.050471 31.050384 31.050298 31.050214 31.05013 31.050049 31.049968 31.04989 31.049812 31.049736 31.049661 31.049587 31.049514 31.049443 31.049373 31.049304 31.049237 31.04917 31.049105 31.049041 31.048978 31.048916 31.048855 31.048795 31.048736 31.048678 31.048622 31.048566 31.048511 31.048457 31.048404 31.048352 31.048301 31.048251 31.048202 31.048153 31.048105 31.048059 31.048013 31.047968 31.047923 31.04788 31.047837
31.052158 31.052042 31.051928 31.051817 31.051706 31.051598 31.051491 31.051386 31.051283 31.051181 31.051082 31.050983 31.050887 31.050792 31.050698 31.050606 31.050516 31.050427 31.05034 31.050254 31.050169 31.050086 31.050004 31.049924 31.049845 31.049768 31.049692 31.049617 31.049543 31.049471 31.049399 31.04933 31.049261 31.049193 31.049127 31.049062 31.048998 31.048935 31.048873 31.048812 31.048753 31.048694 31.048636 31.04858 31.048524 31.048469 31.048416 31.048363 31.048311 31.04826 31.04821 31.048161 31.048113 31.048065 31.048019 31.047973 31.047928 31.047884 31.047841 31.047798
31.052115 31.051999 31.051885 31.051773 31.051662 31.051554 31.051447 31.051342 31.051238 31.051137 31.051037 31.050938 31.050842 31.050747 31.050653 31.050561 31.050471 31.050382 31.050295 31.050209 31.050124 31.050041 31.04996 31.049879 31.049801 31.049723 31.049647 31.049572 31.049499 31.049426 31.049355 31.049286 31.049217 31.04915 31.049083 31.049018 31.048954 31.048892 31.04883 31.048769 31.04871 31.048651 31.048594 31.048537 31.048482 31.048428 31.048374 31.048321 31.04827 31.048219 31.048169 31.04812 31.048072 31.048025 31.047979 31.047933 31.047889 31.047845 31.047802 31.047759
31.052071 31.051955 31.051841 31.051728 31.051618 31.051509 31.051402 31.051297 31.051193 31.051092 31.050992 31.050893 31.050796 31.050701 31.050608 31.050516 31.050425 31.050336 31.050249 31.050163 31.050079 31.049996 31.049914 31.049834 31.049755 31.049678 31.049602 31.049527 31.049454 31.049382 31.049311 31.049241 31.049173 31.049105 31.049039 31.048975 31.048911 31.048848 31.048787 31.048726 31.048667 31.048608 31.048551 31.048495 31.04844 31.048385 31.048332 31.04828 31.048228 31.048178 31.048128 31.048079 31.048032 31.047985 31.047938 31.047893 31.047849 31.047805 31.047762 31.04772
31.052026 31.05191 31.051796 31.051683 31.051572 31.051464 31.051357 31.051251 31.051148 31.051046 31.050946 31.050847 31.05075 31.050655 31.050562 31.05047 31.050379 31.050291 31.050203 31.050117 31.050033 31.04995 31.049869 31.049789 31.04971 31.049633 31.049557 31.049482 31.049409 31.049337 31.049266 31.049196 31.049128 31.049061 31.048995 31.04893 31.048867 31.048804 31.048743 31.048683 31.048623 31.048565 31.048508 31.048452 31.048397 31.048343 31.04829 31.048238 31.048186 31.048136 31.048087 31.048038 31.04799 31.047944 31.047898 31.047853 31.047808 31.047765 31.047722 31.04768
31.051981 31.051865 31.05175 31.051638 31.051527 31.051418 31.05131 31.051205 31.051101 31.051 31.050899 31.050801 31.050704 31.050609 31.050515 31.050423 31.050333 31.050244 31.050157 31.050071 31.049987 31.049904 31.049822 31.049742 31.049664 31.049587 31.049511 31.049436 31.049363 31.049291 31.049221 31.049151 31.049083 31.049016 31.04895 31.048886 31.048822 31.04876 31.048699 31.048639 31.04858 31.048522 31.048465 31.048409 31.048354 31.0483 31.048247 31.048195 31.048144 31.048094 31.048045 31.047997 31.047949 31.047903 31.047857 31.047812 31.047768 31.047725 31.047682 31.04764
31.051936 31.051819 31.051704 31.051591 31.05148 31.051371 31.051264 31.051158 31.051055 31.050953 31.050852 31.050754 31.050657 31.050562 31.050468 31.050376 31.050286 31.050197 31.05011 31.050024 31.04994 31.049857 31.049776 31.049696 31.049617 31.04954 31.049465 31.04939 31.049317 31.049245 31.049175 31.049106 31.049038 31.048971 31.048905 31.048841 31.048778 31.048715 31.048654 31.048594 31.048536 31.048478 31.048421 31.048365 31.048311 31.048257 31.048204 31.048153 31.048102 31.048052 31.048003 31.047955 31.047908 31.047861 31.047816 31.047771 31.047727 31.047684 31.047642 31.0476
