layers/tmin.tif
NCOLS 300
NROWS 300
XLLCORNER 108.422
YLLCORNER 2.17447
DX 0.11742
DY 0.06627
NODATA_VALUE -9999
[rows 260 to 285 of 300, columns 60 to 119 of 300]
24.21627 24.216658 24.217061 24.21748 24.217916 24.218369 24.218841 24.219332 24.219843 24.220375 24.22093 24.221507 24.222109 24.222736 24.223389 24.224071 24.224781 24.225521 24.226294 24.227099 24.227939 24.228815 24.229729 24.230683 24.231677 24.232714 24.233796 24.234924 24.2361 24.237326 24.238603 24.239934 24.241319 24.242761 24.244262 24.245822 24.247443 24.249127 24.250873 24.252684 24.254559 24.256498 24.258502 24.260571 24.262702 24.264895 24.267147 24.269457 24.271821 24.274235 24.276695 24.279197 24.281733 24.284298 24.286885 24.289486 24.292092 24.294695 24.297284 24.29985
24.216531 24.216923 24.217329 24.217752 24.218192 24.218649 24.219125 24.21962 24.220134 24.22067 24.221228 24.221809 24.222413 24.223043 24.223699 24.224383 24.225095 24.225837 24.226611 24.227417 24.228257 24.229133 24.230046 24.230998 24.23199 24.233024 24.234102 24.235225 24.236394 24.237612 24.23888 24.240201 24.241574 24.243002 24.244487 24.246029 24.24763 24.249291 24.251013 24.252796 24.254641 24.256547 24.258515 24.260543 24.262632 24.264778 24.266981 24.269238 24.271545 24.273899 24.276295 24.278729 24.281195 24.283687 24.286198 24.28872 24.291245 24.293765 24.29627 24.29875
24.216788 24.217183 24.217594 24.21802 24.218464 24.218924 24.219403 24.219902 24.22042 24.220959 24.22152 24.222103 24.222711 24.223343 24.224001 24.224687 24.225401 24.226144 24.226919 24.227725 24.228565 24.229441 24.230353 24.231302 24.232292 24.233322 24.234395 24.235512 24.236674 24.237884 24.239143 24.240452 24.241813 24.243228 24.244696 24.24622 24.247801 24.24944 24.251136 24.252892 24.254706 24.25658 24.258511 24.260501 24.262547 24.264648 24.266802 24.269007 24.271258 24.273553 24.275888 24.278257 24.280655 24.283076 24.285513 24.287959 24.290406 24.292846 24.29527 24.297669
24.21704 24.217439 24.217853 24.218283 24.21873 24.219194 24.219677 24.220178 24.220699 24.221241 24.221805 24.222391 24.223001 24.223635 24.224295 24.224983 24.225698 24.226442 24.227217 24.228024 24.228863 24.229738 24.230648 24.231595 24.232581 24.233607 24.234675 24.235786 24.236941 24.238143 24.239392 24.24069 24.242038 24.243438 24.24489 24.246396 24.247956 24.249572 24.251244 24.252972 24.254756 24.256597 24.258493 24.260444 24.262449 24.264505 24.266612 24.268765 24.270963 24.273201 24.275475 24.277781 24.280113 24.282465 24.284831 24.287204 24.289576 24.29194 24.294286 24.296606
24.217289 24.217691 24.218108 24.218542 24.218992 24.219459 24.219944 24.220449 24.220973 24.221517 24.222083 24.222672 24.223284 24.22392 24.224582 24.22527 24.225987 24.226731 24.227507 24.228313 24.229152 24.230024 24.230932 24.231877 24.232859 24.233881 24.234943 24.236048 24.237196 24.238388 24.239627 24.240913 24.242248 24.243633 24.245069 24.246556 24.248096 24.249689 24.251336 24.253037 24.254792 24.2566 24.258461 24.260374 24.262338 24.264351 24.26641 24.268514 24.270659 24.272842 24.275057 24.277302 24.27957 24.281856 24.284154 24.286456 24.288756 24.291046 24.293317 24.295562
24.217533 24.217938 24.218359 24.218795 24.219248 24.219718 24.220206 24.220713 24.22124 24.221787 24.222355 24.222946 24.22356 24.224198 24.224861 24.22555 24.226267 24.227012 24.227787 24.228593 24.22943 24.230301 24.231206 24.232148 24.233126 24.234143 24.235199 24.236297 24.237437 24.23862 24.239849 24.241123 24.242445 24.243815 24.245233 24.246702 24.248222 24.249792 24.251414 24.253088 24.254813 24.256589 24.258416 24.260291 24.262215 24.264185 24.266199 24.268254 24.270348 24.272476 24.274635 24.27682 24.279027 24.281249 24.28348 24.285714 24.287945 24.290164 24.292363 24.294535
24.217773 24.218181 24.218605 24.219044 24.2195 24.219972 24.220463 24.220973 24.221502 24.222051 24.222621 24.223214 24.223829 24.224468 24.225132 24.225822 24.226539 24.227284 24.228059 24.228863 24.229699 24.230568 24.23147 24.232408 24.233382 24.234394 24.235444 24.236534 24.237666 24.23884 24.240058 24.24132 24.242628 24.243982 24.245384 24.246834 24.248333 24.249881 24.251478 24.253125 24.254821 24.256565 24.258357 24.260197 24.262081 24.264009 24.265978 24.267986 24.27003 24.272105 24.274209 24.276337 24.278483 24.280643 24.282811 24.28498 24.287143 24.289294 24.291424 24.293527
24.218009 24.21842 24.218846 24.219288 24.219746 24.220221 24.220715 24.221226 24.221757 24.222308 24.222881 24.223474 24.224091 24.224731 24.225396 24.226087 24.226804 24.227548 24.228322 24.229125 24.229959 24.230825 24.231724 24.232658 24.233627 24.234633 24.235677 24.23676 24.237883 24.239047 24.240254 24.241504 24.242798 24.244137 24.245522 24.246953 24.248431 24.249957 24.251529 24.253149 24.254816 24.256529 24.258288 24.26009 24.261936 24.263823 24.265749 24.26771 24.269705 24.27173 24.27378 24.275852 24.277941 24.280041 24.282146 24.284252 24.286351 24.288436 24.2905 24.292536
24.21824 24.218654 24.219083 24.219527 24.219988 24.220465 24.220961 24.221474 24.222007 24.22256 24.223134 24.223729 24.224346 24.224987 24.225653 24.226343 24.22706 24.227804 24.228576 24.229377 24.230209 24.231073 24.231968 24.232898 24.233862 24.234862 24.235899 24.236974 24.238089 24.239243 24.240438 24.241675 24.242955 24.244279 24.245647 24.247059 24.248517 24.25002 24.251568 24.253161 24.254799 24.256481 24.258207 24.259974 24.261782 24.263628 24.265511 24.267428 24.269375 24.27135 24.273348 24.275366 24.277399 24.279441 24.281487 24.283531 24.285568 24.28759 24.28959 24.291562
24.218468 24.218884 24.219315 24.219762 24.220224 24.220704 24.221201 24.221717 24.222251 24.222806 24.22338 24.223977 24.224595 24.225236 24.225902 24.226592 24.227308 24.228051 24.228822 24.229621 24.230451 24.231311 24.232203 24.233128 24.234087 24.235081 24.236111 24.237178 24.238283 24.239427 24.240611 24.241835 24.243101 24.244409 24.245759 24.247153 24.24859 24.25007 24.251594 24.253161 24.254771 24.256422 24.258115 24.259847 24.261618 24.263425 24.265266 24.267139 24.26904 24.270966 24.272914 24.27488 24.276858 24.278844 24.280832 24.282818 24.284795 24.286756 24.288695 24.290605
24.218691 24.219109 24.219543 24.219991 24.220456 24.220938 24.221437 24.221954 24.22249 24.223045 24.223621 24.224218 24.224837 24.225479 24.226144 24.226834 24.227549 24.228291 24.22906 24.229857 24.230683 24.23154 24.232428 24.233348 24.234302 24.235289 24.236312 24.23737 24.238466 24.2396 24.240772 24.241983 24.243235 24.244527 24.24586 24.247235 24.248651 24.250109 24.251609 24.25315 24.254731 24.256353 24.258013 24.259712 24.261446 24.263214 24.265015 24.266844 24.2687 24.27058 24.272479 24.274393 24.276319 24.278251 24.280184 24.282112 24.284031 24.285934 24.287814 24.289665
24.21891 24.219331 24.219766 24.220217 24.220683 24.221166 24.221667 24.222186 24.222723 24.223279 24.223856 24.224453 24.225072 24.225714 24.226379 24.227068 24.227782 24.228522 24.229289 24.230084 24.230907 24.23176 24.232644 24.233559 24.234507 24.235487 24.236502 24.237553 24.238639 24.239762 24.240922 24.24212 24.243357 24.244634 24.24595 24.247306 24.248701 24.250137 24.251613 24.253128 24.254682 24.256274 24.257903 24.259567 24.261266 24.262996 24.264757 24.266545 24.268357 24.270191 24.272042 24.273907 24.275781 24.277661 24.27954 24.281414 24.283277 24.285124 24.286947 24.288742
24.219125 24.219548 24.219985 24.220437 24.220905 24.22139 24.221892 24.222412 24.22295 24.223507 24.224084 24.224682 24.225301 24.225943 24.226607 24.227295 24.228008 24.228746 24.229511 24.230303 24.231123 24.231972 24.232851 24.233761 24.234702 24.235676 24.236683 24.237725 24.238801 24.239913 24.241061 24.242246 24.243469 24.24473 24.246028 24.247365 24.248741 24.250155 24.251606 24.253096 24.254622 24.256185 24.257783 24.259414 24.261078 24.262771 24.264493 24.26624 24.26801 24.269799 24.271604 24.273421 24.275247 24.277075 24.278903 24.280724 24.282533 24.284325 24.286094 24.287834
24.219336 24.21976 24.220199 24.220653 24.221123 24.221609 24.222112 24.222633 24.223171 24.223729 24.224307 24.224905 24.225524 24.226165 24.226828 24.227515 24.228226 24.228963 24.229725 24.230514 24.23133 24.232175 24.233049 24.233953 24.234888 24.235855 24.236854 24.237887 24.238953 24.240054 24.24119 24.242362 24.24357 24.244815 24.246096 24.247415 24.24877 24.250162 24.25159 24.253054 24.254554 24.256088 24.257655 24.259254 24.260883 24.262541 24.264224 24.265932 24.26766 24.269406 24.271166 24.272937 24.274714 24.276494 24.278271 24.280041 24.281799 24.283539 24.285255 24.286942
24.219543 24.219969 24.220409 24.220864 24.221335 24.221823 24.222327 24.222848 24.223388 24.223946 24.224524 24.225121 24.22574 24.22638 24.227043 24.227728 24.228438 24.229172 24.229931 24.230717 24.231529 24.23237 24.233239 24.234137 24.235066 24.236025 24.237016 24.238039 24.239096 24.240186 24.24131 24.242468 24.243662 24.24489 24.246154 24.247454 24.248789 24.250159 24.251564 24.253004 24.254477 24.255982 24.257519 24.259086 24.260682 24.262304 24.263951 24.265619 24.267307 24.269011 24.270727 24.272453 24.274185 24.275917 24.277646 24.279366 24.281074 24.282764 24.284429 24.286066
24.219745 24.220173 24.220614 24.221071 24.221543 24.222031 24.222536 24.223058 24.223598 24.224157 24.224734 24.225332 24.22595 24.226589 24.22725 24.227934 24.228642 24.229373 24.23013 24.230912 24.23172 24.232556 24.23342 24.234312 24.235234 24.236186 24.237169 24.238183 24.239229 24.240308 24.241419 24.242564 24.243743 24.244956 24.246203 24.247484 24.248799 24.250147 24.251529 24.252944 24.254391 24.255869 24.257376 24.258912 24.260475 24.262063 24.263673 24.265304 24.266952 24.268615 24.270289 24.271972 24.273658 24.275344 24.277026 24.278699 24.280359 24.282 24.283617 24.285205
24.219944 24.220373 24.220816 24.221273 24.221746 24.222235 24.222741 24.223263 24.223804 24.224362 24.224939 24.225536 24.226154 24.226792 24.227452 24.228134 24.228839 24.229568 24.230321 24.231099 24.231904 24.232735 24.233593 24.234479 24.235394 24.236338 24.237312 24.238317 24.239353 24.24042 24.241519 24.242651 24.243815 24.245012 24.246242 24.247504 24.248799 24.250127 24.251486 24.252877 24.254298 24.255748 24.257227 24.258732 24.260263 24.261816 24.263391 24.264985 24.266595 24.268218 24.269852 24.271492 24.273134 24.274776 24.276413 24.27804 24.279653 24.281247 24.282818 24.284359
24.220139 24.220569 24.221013 24.221471 24.221945 24.222435 24.222941 24.223463 24.224004 24.224562 24.225139 24.225735 24.226351 24.226988 24.227646 24.228326 24.229029 24.229755 24.230505 24.231279 24.232079 24.232905 24.233758 24.234638 24.235546 24.236482 24.237447 24.238443 24.239468 24.240524 24.241611 24.242729 24.243878 24.245059 24.246272 24.247516 24.248792 24.250098 24.251435 24.252801 24.254197 24.25562 24.25707 24.258546 24.260045 24.261566 24.263106 24.264664 24.266237 24.267821 24.269415 24.271014 24.272614 24.274213 24.275806 24.277389 24.278957 24.280506 24.282031 24.283527
24.220329 24.22076 24.221205 24.221665 24.222139 24.222629 24.223135 24.223658 24.224198 24.224756 24.225333 24.225928 24.226543 24.227179 24.227835 24.228513 24.229213 24.229935 24.230682 24.231452 24.232247 24.233068 24.233915 24.234788 24.235689 24.236617 24.237574 24.23856 24.239575 24.240619 24.241693 24.242798 24.243933 24.245098 24.246294 24.24752 24.248775 24.250061 24.251376 24.252719 24.254089 24.255486 24.256908 24.258354 24.259823 24.261311 24.262818 24.264341 24.265877 24.267424 24.268979 24.270538 24.272098 24.273655 24.275206 24.276746 24.278271 24.279776 24.281257 24.28271
24.220516 24.220948 24.221393 24.221854 24.222329 24.222819 24.223325 24.223848 24.224388 24.224945 24.225521 24.226115 24.226729 24.227363 24.228017 24.228692 24.229389 24.230109 24.230852 24.231618 24.232408 24.233224 24.234065 24.234931 24.235825 24.236745 24.237693 24.238669 24.239673 24.240706 24.241768 24.242858 24.243979 24.245128 24.246307 24.247515 24.248751 24.250016 24.251309 24.252629 24.253975 24.255346 24.256741 24.258158 24.259596 24.261053 24.262527 24.264016 24.265517 24.267027 24.268544 24.270065 24.271585 24.273102 24.274612 24.27611 24.277593 24.279057 24.280496 24.281907
24.220699 24.221131 24.221578 24.222038 24.222514 24.223004 24.22351 24.224033 24.224572 24.225129 24.225704 24.226297 24.226909 24.227541 24.228193 24.228866 24.22956 24.230276 24.231015 24.231777 24.232562 24.233372 24.234207 24.235067 24.235952 24.236865 24.237804 24.23877 24.239763 24.240784 24.241834 24.242911 24.244017 24.245151 24.246313 24.247503 24.24872 24.249965 24.251236 24.252532 24.253854 24.2552 24.256568 24.257957 24.259365 24.260792 24.262234 24.263689 24.265156 24.266631 24.268111 24.269594 24.271076 24.272554 24.274024 24.275483 24.276925 24.278348 24.279747 24.281118
24.220878 24.221311 24.221758 24.222219 24.222694 24.223185 24.223691 24.224213 24.224752 24.225308 24.225881 24.226473 24.227084 24.227713 24.228363 24.229033 24.229724 24.230437 24.231171 24.231929 24.232709 24.233513 24.234342 24.235195 24.236073 24.236977 24.237907 24.238863 24.239846 24.240855 24.241892 24.242956 24.244047 24.245165 24.246311 24.247483 24.248681 24.249906 24.251156 24.25243 24.253728 24.255048 24.25639 24.257751 24.259131 24.260527 24.261938 24.263361 24.264794 24.266235 24.26768 24.269126 24.270571 24.272011 24.273443 24.274863 24.276266 24.27765 24.27901 24.280342
24.221053 24.221486 24.221933 24.222395 24.22287 24.223361 24.223867 24.224388 24.224926 24.225481 24.226054 24.226644 24.227253 24.22788 24.228527 24.229194 24.229882 24.230591 24.231321 24.232074 24.232849 24.233648 24.23447 24.235316 24.236186 24.237082 24.238002 24.238948 24.239921 24.240919 24.241943 24.242993 24.24407 24.245173 24.246302 24.247456 24.248636 24.249841 24.251069 24.252321 24.253596 24.254892 24.256207 24.257542 24.258894 24.26026 24.261641 24.263032 24.264433 24.26584 24.26725 24.268661 24.27007 24.271474 24.272868 24.274251 24.275617 24.276963 24.278285 24.27958
24.221224 24.221658 24.222105 24.222566 24.223042 24.223532 24.224038 24.224559 24.225096 24.22565 24.226221 24.226809 24.227416 24.228041 24.228686 24.22935 24.230034 24.230739 24.231465 24.232213 24.232983 24.233775 24.234591 24.23543 24.236292 24.237179 24.238091 24.239027 24.239988 24.240975 24.241986 24.243024 24.244086 24.245173 24.246286 24.247423 24.248584 24.249769 24.250977 24.252207 24.253459 24.25473 24.256021 24.257329 24.258653 24.259991 24.261342 24.262703 24.264071 24.265445 24.266822 24.268199 24.269574 24.270942 24.2723 24.273646 24.274976 24.276286 24.277572 24.27883
24.221391 24.221825 24.222273 24.222734 24.22321 24.223699 24.224204 24.224724 24.225261 24.225813 24.226383 24.226969 24.227574 24.228197 24.228838 24.229499 24.23018 24.230881 24.231602 24.232345 24.23311 24.233896 24.234705 24.235537 24.236392 24.23727 24.238172 24.239098 24.240049 24.241024 24.242023 24.243047 24.244095 24.245167 24.246263 24.247383 24.248526 24.249692 24.250879 24.252088 24.253317 24.254565 24.255831 24.257113 24.25841 24.25972 24.261042 24.262372 24.26371 24.265053 24.266397 24.267741 24.269081 24.270415 24.271739 24.27305 24.274344 24.275619 24.27687 24.278094
24.221555 24.221989 24.222437 24.222898 24.223373 24.223862 24.224366 24.224886 24.225421 24.225972 24.226539 24.227124 24.227726 24.228347 24.228985 24.229643 24.23032 24.231017 24.231734 24.232471 24.23323 24.234011 24.234813 24.235637 24.236484 24.237354 24.238247 24.239163 24.240103 24.241066 24.242053 24.243063 24.244097 24.245154 24.246235 24.247337 24.248462 24.249609 24.250776 24.251964 24.25317 24.254395 24.255637 24.256893 24.258164 24.259447 24.26074 24.262042 24.26335 24.264661 24.265974 24.267286 24.268593 24.269893 24.271184 24.272461 24.273721 24.274962 24.276179 24.277369
