layers/tmin.tif
NCOLS 300
NROWS 300
XLLCORNER 108.422
YLLCORNER 2.17447
DX 0.11742
DY 0.06627
NODATA_VALUE -9999
[rows 130 to 155 of 300, columns 120 to 179 of 300]
24.155592 24.156018 24.156432 24.156819 24.157165 24.157454 24.157671 24.157803 24.157839 24.157769 24.157589 24.157295 24.156889 24.156376 24.155766 24.15507 24.154305 24.153489 24.152641 24.151782 24.150933 24.150114 24.149344 24.148642 24.148021 24.147495 24.147073 24.146763 24.146569 24.146493 24.146534 24.146692 24.14696 24.147336 24.14781 24.148378 24.14903 24.149758 24.150555 24.151412 24.152321 24.153274 24.154265 24.155285 24.15633 24.157392 24.158466 24.159548 24.160633 24.161717 24.162796 24.163868 24.164929 24.165978 24.167012 24.16803 24.16903 24.170011 24.170972 24.171912
24.155521 24.156 24.156467 24.156907 24.157303 24.157637 24.157892 24.158055 24.158111 24.158051 24.157868 24.15756 24.157126 24.156574 24.155913 24.155157 24.154323 24.153432 24.152505 24.151565 24.150636 24.149739 24.148897 24.148128 24.147448 24.146871 24.146407 24.146064 24.145847 24.145756 24.145792 24.145951 24.146229 24.146619 24.147115 24.147707 24.148389 24.149149 24.14998 24.150873 24.151819 24.15281 24.153839 24.154897 24.155978 24.157076 24.158185 24.1593 24.160417 24.161532 24.162641 24.16374 24.164827 24.165901 24.166958 24.167997 24.169017 24.170016 24.170994 24.171951
24.155458 24.155995 24.156522 24.157021 24.157471 24.157855 24.158155 24.158352 24.158432 24.158384 24.1582 24.157875 24.157413 24.156818 24.156101 24.155279 24.15437 24.153396 24.152382 24.151354 24.150338 24.149357 24.148435 24.147594 24.14685 24.146219 24.14571 24.145333 24.145091 24.144986 24.145017 24.145179 24.145467 24.145875 24.146394 24.147014 24.147727 24.148522 24.149391 24.150322 24.151308 24.152339 24.153407 24.154504 24.155624 24.156759 24.157905 24.159055 24.160206 24.161352 24.16249 24.163618 24.164732 24.165831 24.166911 24.167972 24.169012 24.17003 24.171026 24.171998
24.155404 24.156006 24.156598 24.157161 24.157673 24.158113 24.158462 24.158698 24.158806 24.158772 24.158588 24.158248 24.157754 24.157112 24.156335 24.15544 24.154448 24.153384 24.152275 24.15115 24.150037 24.148964 24.147957 24.147037 24.146225 24.145535 24.144979 24.144566 24.144299 24.14418 24.144206 24.144373 24.144674 24.145101 24.145645 24.146297 24.147044 24.147877 24.148785 24.149758 24.150786 24.151859 24.152969 24.154108 24.155268 24.156443 24.157626 24.158813 24.159998 24.161177 24.162346 24.163503 24.164645 24.165768 24.166873 24.167956 24.169016 24.170053 24.171067 24.172055
24.155359 24.156031 24.156695 24.157329 24.15791 24.158414 24.158817 24.159098 24.159239 24.159222 24.159038 24.158682 24.158155 24.157462 24.156619 24.155644 24.15456 24.153397 24.152184 24.150952 24.149735 24.148561 24.14746 24.146455 24.145569 24.144816 24.144211 24.14376 24.143468 24.143334 24.143357 24.14353 24.143846 24.144296 24.144869 24.145554 24.146339 24.147213 24.148164 24.149181 24.150254 24.151372 24.152526 24.153709 24.154911 24.156127 24.15735 24.158574 24.159795 24.161007 24.162209 24.163395 24.164565 24.165715 24.166843 24.167948 24.16903 24.170086 24.171117 24.172121
24.155322 24.156072 24.156815 24.157528 24.158186 24.15876 24.159226 24.159558 24.159735 24.159739 24.159558 24.159185 24.158621 24.157874 24.156958 24.155895 24.154711 24.153438 24.152109 24.150761 24.149428 24.148145 24.146941 24.145845 24.144879 24.14406 24.143401 24.142911 24.142593 24.142446 24.142467 24.142649 24.142983 24.143458 24.144063 24.144785 24.145611 24.146529 24.147526 24.148591 24.149711 24.150877 24.152079 24.153307 24.154554 24.155813 24.157077 24.15834 24.159597 24.160845 24.162079 24.163296 24.164494 24.16567 24.166823 24.167951 24.169053 24.170129 24.171177 24.172197
24.155293 24.156127 24.156958 24.15776 24.158502 24.159156 24.159692 24.160082 24.160302 24.160331 24.160154 24.159764 24.159161 24.158354 24.157358 24.156198 24.154903 24.153509 24.152054 24.150577 24.149118 24.147714 24.146399 24.145204 24.144151 24.143261 24.142547 24.142016 24.141672 24.141512 24.141533 24.141726 24.142081 24.142585 24.143226 24.143989 24.14486 24.145826 24.146873 24.147988 24.149159 24.150376 24.151627 24.152904 24.154197 24.1555 24.156807 24.15811 24.159406 24.160689 24.161956 24.163205 24.164432 24.165635 24.166813 24.167964 24.169087 24.170182 24.171248 24.172284
24.155271 24.156199 24.157126 24.158025 24.158862 24.159605 24.16022 24.160677 24.160946 24.161004 24.160834 24.160426 24.159782 24.158909 24.157825 24.156558 24.155141 24.153613 24.152017 24.150399 24.148801 24.147266 24.14583 24.144527 24.143382 24.142417 24.141643 24.14107 24.1407 24.140529 24.140553 24.14076 24.141139 24.141676 24.142356 24.143164 24.144085 24.145102 24.146203 24.147372 24.148598 24.149868 24.151171 24.152499 24.153841 24.155191 24.156541 24.157886 24.159221 24.160541 24.161843 24.163124 24.16438 24.165611 24.166814 24.167988 24.169132 24.170246 24.17133 24.172382
24.155256 24.156285 24.157319 24.158325 24.159268 24.160111 24.160817 24.161348 24.161674 24.161767 24.161606 24.161181 24.160492 24.159547 24.158367 24.156981 24.155428 24.153753 24.152002 24.150227 24.148477 24.146798 24.14523 24.14381 24.142567 24.14152 24.140685 24.140069 24.139673 24.139493 24.139521 24.139746 24.140153 24.140728 24.141452 24.14231 24.143284 24.144358 24.145516 24.146744 24.148027 24.149354 24.150713 24.152093 24.153487 24.154885 24.156281 24.15767 24.159045 24.160403 24.16174 24.163053 24.164339 24.165597 24.166826 24.168023 24.169189 24.170322 24.171423 24.172492
24.155246 24.156387 24.157538 24.158664 24.159725 24.16068 24.161487 24.162104 24.162495 24.162629 24.162481 24.162039 24.161301 24.160278 24.158991 24.157474 24.155771 24.153931 24.152009 24.150062 24.148144 24.146306 24.144595 24.143049 24.141699 24.140567 24.139668 24.139007 24.138586 24.138399 24.138436 24.138682 24.139123 24.139739 24.140513 24.141426 24.142459 24.143594 24.144814 24.146104 24.147448 24.148835 24.150252 24.151688 24.153135 24.154584 24.156027 24.15746 24.158877 24.160274 24.161647 24.162993 24.16431 24.165596 24.16685 24.168071 24.169258 24.170411 24.171529 24.172613
24.155239 24.156502 24.157783 24.159041 24.160234 24.161315 24.162237 24.162952 24.163419 24.1636 24.16347 24.163011 24.162221 24.161111 24.159706 24.158044 24.156174 24.154152 24.15204 24.149901 24.147798 24.145787 24.14392 24.142238 24.140773 24.139551 24.138584 24.137879 24.137435 24.137243 24.137292 24.137565 24.138044 24.138708 24.139538 24.140511 24.141607 24.142808 24.144095 24.145451 24.146861 24.148312 24.14979 24.151285 24.152787 24.154288 24.155781 24.15726 24.15872 24.160156 24.161566 24.162945 24.164294 24.165608 24.166888 24.168132 24.16934 24.170512 24.171648 24.172748
24.155234 24.156631 24.158054 24.159459 24.1608 24.162022 24.163074 24.163901 24.164455 24.164693 24.164584 24.164109 24.163263 24.162058 24.160522 24.158699 24.156642 24.154418 24.152094 24.149745 24.147438 24.145237 24.143199 24.141369 24.139783 24.138464 24.137428 24.136679 24.136213 24.136021 24.136086 24.136392 24.136915 24.137633 24.138524 24.139563 24.140729 24.142002 24.14336 24.144788 24.146267 24.147785 24.149327 24.150883 24.152443 24.153999 24.155543 24.15707 24.158573 24.16005 24.161497 24.162911 24.16429 24.165633 24.166939 24.168207 24.169436 24.170628 24.17178 24.172895
24.155229 24.156772 24.158351 24.15992 24.161424 24.162806 24.164005 24.16496 24.165615 24.16592 24.165838 24.165347 24.164441 24.163132 24.161451 24.159447 24.157183 24.154733 24.152175 24.149591 24.147059 24.144649 24.142425 24.140436 24.138719 24.1373 24.136193 24.135399 24.134915 24.134726 24.134814 24.135158 24.135732 24.136512 24.13747 24.138583 24.139825 24.141175 24.142611 24.144114 24.145667 24.147255 24.148866 24.150486 24.152106 24.153718 24.155315 24.15689 24.158439 24.159957 24.161442 24.162891 24.164302 24.165674 24.167005 24.168296 24.169547 24.170757 24.171927 24.173057
24.15522 24.156923 24.158675 24.160424 24.162112 24.163673 24.165039 24.16614 24.166911 24.167295 24.167248 24.166743 24.165771 24.164347 24.162505 24.1603 24.157804 24.155101 24.152282 24.149437 24.146656 24.144018 24.141591 24.13943 24.137574 24.136049 24.134869 24.134033 24.133533 24.133353 24.133471 24.13386 24.134493 24.135342 24.136376 24.137569 24.138895 24.140328 24.141846 24.14343 24.145062 24.146725 24.148406 24.150093 24.151777 24.153447 24.155098 24.156723 24.158318 24.159879 24.161402 24.162886 24.164329 24.165729 24.167087 24.168401 24.169673 24.170901 24.172088 24.173233
24.155204 24.157081 24.159023 24.160973 24.162866 24.164629 24.166184 24.167451 24.168357 24.168834 24.16883 24.168313 24.167271 24.16572 24.163698 24.161268 24.158512 24.155527 24.152415 24.149282 24.146225 24.143336 24.140688 24.13834 24.136337 24.134702 24.133448 24.132571 24.132061 24.131897 24.132051 24.132495 24.133196 24.134122 24.135241 24.136522 24.137938 24.139461 24.141068 24.142739 24.144453 24.146195 24.14795 24.149708 24.151456 24.153187 24.154894 24.15657 24.158212 24.159816 24.161378 24.162897 24.164372 24.165801 24.167185 24.168523 24.169815 24.171062 24.172264 24.173423
24.155177 24.157244 24.159394 24.161567 24.163689 24.165679 24.167449 24.168908 24.169969 24.170556 24.170606 24.170079 24.168962 24.167269 24.165046 24.162364 24.159317 24.156015 24.152576 24.14912 24.145759 24.142593 24.139704 24.137157 24.134996 24.133247 24.131919 24.131006 24.130492 24.13035 24.130551 24.131059 24.131837 24.13285 24.134063 24.135441 24.136955 24.138575 24.140278 24.14204 24.143842 24.145667 24.1475 24.14933 24.151146 24.15294 24.154704 24.156433 24.158123 24.15977 24.161371 24.162926 24.164433 24.165891 24.1673 24.168661 24.169973 24.171238 24.172457 24.17363
24.155133 24.157407 24.159786 24.162206 24.164584 24.16683 24.168844 24.170522 24.171765 24.17248 24.172596 24.172063 24.170865 24.169016 24.166568 24.163602 24.160226 24.156568 24.152764 24.148949 24.14525 24.141779 24.138628 24.135867 24.13354 24.131673 24.130272 24.129327 24.128816 24.128707 24.128964 24.129547 24.130414 24.131525 24.132842 24.134326 24.135946 24.137672 24.139476 24.141336 24.14323 24.145142 24.147057 24.148963 24.150849 24.152706 24.154529 24.156312 24.158051 24.159742 24.161383 24.162974 24.164513 24.166 24.167434 24.168817 24.17015 24.171432 24.172666 24.173852
24.155066 24.157565 24.160197 24.162889 24.165554 24.168089 24.17038 24.17231 24.173762 24.17463 24.174827 24.174294 24.173008 24.170985 24.168284 24.164998 24.161252 24.157193 24.152978 24.148761 24.144688 24.140882 24.137446 24.134454 24.131953 24.129966 24.128495 24.127524 24.127025 24.126961 24.127287 24.127957 24.128925 24.130146 24.131577 24.133178 24.134914 24.136752 24.138665 24.140628 24.14262 24.144624 24.146624 24.148608 24.150566 24.15249 24.154373 24.15621 24.157998 24.159734 24.161415 24.163042 24.164613 24.166128 24.167588 24.168993 24.170345 24.171644 24.172893 24.174092
24.154968 24.157712 24.16062 24.163615 24.1666 24.169461 24.172069 24.174288 24.175984 24.177031 24.177327 24.1768 24.17542 24.173204 24.170218 24.16657 24.162405 24.157893 24.153216 24.14855 24.14406 24.139887 24.136141 24.132902 24.130218 24.12811 24.126573 24.125585 24.125111 24.125103 24.125512 24.126284 24.127367 24.128711 24.130268 24.131997 24.133858 24.135817 24.137846 24.139919 24.142014 24.144113 24.146202 24.148267 24.1503 24.152291 24.154236 24.156129 24.157967 24.159747 24.161469 24.163131 24.164734 24.166277 24.167761 24.169188 24.170559 24.171875 24.173138 24.174349
24.154832 24.15784 24.161051 24.164381 24.167724 24.170953 24.173921 24.176474 24.178453 24.179713 24.18013 24.179617 24.178136 24.175705 24.172397 24.168338 24.163698 24.158674 24.153475 24.148306 24.143354 24.138776 24.134694 24.131192 24.128318 24.126088 24.124492 24.123499 24.123062 24.123127 24.123635 24.124525 24.125739 24.127219 24.128917 24.130784 24.13278 24.13487 24.137022 24.139211 24.141414 24.143613 24.145794 24.147944 24.150053 24.152114 24.154121 24.15607 24.157958 24.159784 24.161546 24.163243 24.164877 24.166447 24.167956 24.169404 24.170793 24.172125 24.173401 24.174624
24.154646 24.157941 24.161483 24.165184 24.168927 24.17257 24.175949 24.178886 24.181197 24.182708 24.183272 24.182785 24.181197 24.178524 24.174852 24.170326 24.165145 24.159539 24.153751 24.148017 24.142551 24.137528 24.133082 24.1293 24.126231 24.123883 24.122237 24.121251 24.120869 24.121025 24.121651 24.122677 24.124038 24.125672 24.127523 24.129541 24.131683 24.133912 24.136196 24.138507 24.140824 24.143127 24.145403 24.14764 24.149827 24.151959 24.15403 24.156036 24.157975 24.159845 24.161647 24.163379 24.165044 24.166641 24.168174 24.169642 24.171048 24.172395 24.173684 24.174918
24.154399 24.158002 24.161906 24.166016 24.170206 24.174318 24.178167 24.181546 24.184244 24.186053 24.186798 24.186351 24.184648 24.181705 24.177618 24.17256 24.166761 24.160492 24.154037 24.147669 24.141631 24.136119 24.131278 24.127202 24.123933 24.121472 24.119789 24.118828 24.118521 24.11879 24.119555 24.120737 24.122264 24.124068 24.126087 24.12827 24.13057 24.132948 24.13537 24.137811 24.140246 24.142658 24.145032 24.147358 24.149626 24.151829 24.153964 24.156028 24.158017 24.159933 24.161774 24.163541 24.165236 24.16686 24.168415 24.169903 24.171326 24.172687 24.173987 24.175231
24.154076 24.158011 24.162309 24.16687 24.171559 24.176201 24.180586 24.184477 24.187627 24.18979 24.190756 24.190367 24.188542 24.185295 24.180737 24.175068 24.168562 24.161537 24.154325 24.147243 24.140567 24.134518 24.129254 24.124868 24.121398 24.118833 24.117129 24.116216 24.116007 24.116413 24.117341 24.118703 24.120417 24.122409 24.124613 24.126974 24.129443 24.13198 24.13455 24.137125 24.139684 24.142209 24.144685 24.147102 24.149451 24.151728 24.153928 24.156049 24.158089 24.160049 24.161929 24.16373 24.165454 24.167104 24.16868 24.170187 24.171626 24.173 24.174311 24.175564
24.153661 24.157951 24.162676 24.167735 24.172981 24.178221 24.183219 24.187703 24.191382 24.193968 24.195204 24.194896 24.192943 24.189354 24.184255 24.177885 24.170566 24.162676 24.154603 24.146715 24.13933 24.132692 24.126972 24.122264 24.118595 24.115941 24.114238 24.113398 24.113317 24.113888 24.115007 24.116573 24.118496 24.120696 24.123103 24.125657 24.128307 24.131012 24.133737 24.136455 24.139143 24.141784 24.144364 24.146875 24.149307 24.151658 24.153923 24.156101 24.158192 24.160195 24.162113 24.163948 24.165701 24.167374 24.168972 24.170496 24.171949 24.173335 24.174657 24.175917
24.153135 24.157803 24.162992 24.168598 24.174464 24.180379 24.186078 24.191248 24.19555 24.198639 24.200205 24.20001 24.197923 24.193946 24.188228 24.181049 24.172793 24.163908 24.154853 24.146057 24.137881 24.130599 24.124393 24.119352 24.115492 24.112768 24.111094 24.110358 24.110438 24.111208 24.112548 24.114346 24.116504 24.118934 24.121561 24.124323 24.127167 24.13005 24.132939 24.135804 24.138626 24.141387 24.144074 24.14668 24.149197 24.151621 24.153952 24.156187 24.158327 24.160374 24.162329 24.164196 24.165976 24.167673 24.16929 24.170831 24.172298 24.173695 24.175025 24.176292
24.152475 24.157544 24.163234 24.169439 24.175995 24.182673 24.189174 24.19514 24.200174 24.203865 24.205836 24.205793 24.203567 24.199153 24.19272 24.184603 24.175263 24.165232 24.155055 24.145231 24.136175 24.128191 24.121468 24.116089 24.112051 24.109284 24.107673 24.107081 24.107361 24.108367 24.109962 24.112024 24.114442 24.117124 24.119991 24.122976 24.126027 24.129099 24.132159 24.135179 24.138138 24.141022 24.143819 24.146521 24.149123 24.151622 24.154017 24.156309 24.158498 24.160587 24.162579 24.164476 24.166282 24.168001 24.169636 24.171192 24.172671 24.174078 24.175416 24.176688
