layers/tmin.tif
NCOLS 300
NROWS 300
XLLCORNER 108.422
YLLCORNER 2.17447
DX 0.11742
DY 0.06627
NODATA_VALUE -9999
[rows 182 to 207 of 300, columns 240 to 299 of 300]
24.207243 24.207261 24.207278 24.207294 24.207309 24.207323 24.207336 24.207348 24.20736 24.207371 24.207381 24.207391 24.2074 24.207408 24.207416 24.207423 24.207429 24.207435 24.207441 24.207446 24.207451 24.207455 24.207459 24.207462 24.207465 24.207468 24.20747 24.207472 24.207474 24.207475 24.207477 24.207477 24.207478 24.207478 24.207478 24.207478 24.207478 24.207477 24.207476 24.207475 24.207474 24.207473 24.207471 24.207469 24.207468 24.207465 24.207463 24.207461 24.207459 24.207456 24.207453 24.20745 24.207448 24.207445 24.207441 24.207438 24.207435 24.207431 24.207428 24.207424
24.207433 24.207447 24.20746 24.207473 24.207484 24.207495 24.207505 24.207515 24.207523 24.207531 24.207539 24.207546 24.207552 24.207557 24.207563 24.207567 24.207571 24.207575 24.207578 24.207581 24.207584 24.207586 24.207588 24.207589 24.20759 24.207591 24.207591 24.207591 24.207591 24.207591 24.20759 24.207589 24.207588 24.207587 24.207585 24.207584 24.207582 24.20758 24.207577 24.207575 24.207572 24.20757 24.207567 24.207564 24.207561 24.207557 24.207554 24.20755 24.207547 24.207543 24.207539 24.207535 24.207531 24.207527 24.207523 24.207519 24.207514 24.20751 24.207505 24.207501
24.207623 24.207633 24.207643 24.207652 24.207661 24.207668 24.207675 24.207681 24.207687 24.207692 24.207697 24.207701 24.207704 24.207707 24.20771 24.207712 24.207714 24.207715 24.207716 24.207717 24.207717 24.207717 24.207716 24.207716 24.207715 24.207714 24.207712 24.207711 24.207709 24.207706 24.207704 24.207701 24.207699 24.207696 24.207693 24.207689 24.207686 24.207682 24.207679 24.207675 24.207671 24.207667 24.207662 24.207658 24.207654 24.207649 24.207644 24.20764 24.207635 24.20763 24.207625 24.20762 24.207615 24.20761 24.207604 24.207599 24.207594 24.207588 24.207583 24.207577
24.207813 24.20782 24.207827 24.207832 24.207837 24.207841 24.207845 24.207848 24.207851 24.207853 24.207855 24.207856 24.207857 24.207857 24.207857 24.207857 24.207856 24.207855 24.207854 24.207852 24.20785 24.207848 24.207846 24.207843 24.20784 24.207837 24.207833 24.20783 24.207826 24.207822 24.207818 24.207814 24.207809 24.207805 24.2078 24.207795 24.20779 24.207785 24.20778 24.207775 24.207769 24.207764 24.207758 24.207753 24.207747 24.207741 24.207735 24.207729 24.207723 24.207717 24.207711 24.207705 24.207699 24.207692 24.207686 24.20768 24.207673 24.207667 24.207661 24.207654
24.208004 24.208008 24.20801 24.208012 24.208014 24.208015 24.208015 24.208015 24.208015 24.208014 24.208013 24.208012 24.20801 24.208007 24.208005 24.208002 24.207999 24.207995 24.207992 24.207988 24.207984 24.207979 24.207975 24.20797 24.207965 24.20796 24.207955 24.207949 24.207944 24.207938 24.207932 24.207926 24.20792 24.207914 24.207907 24.207901 24.207895 24.207888 24.207881 24.207875 24.207868 24.207861 24.207854 24.207847 24.20784 24.207833 24.207826 24.207819 24.207811 24.207804 24.207797 24.20779 24.207782 24.207775 24.207768 24.20776 24.207753 24.207746 24.207738 24.207731
24.208196 24.208195 24.208194 24.208193 24.208191 24.208189 24.208186 24.208183 24.20818 24.208176 24.208172 24.208167 24.208163 24.208158 24.208153 24.208147 24.208142 24.208136 24.20813 24.208124 24.208117 24.208111 24.208104 24.208097 24.20809 24.208083 24.208076 24.208069 24.208061 24.208054 24.208046 24.208038 24.208031 24.208023 24.208015 24.208007 24.207999 24.207991 24.207983 24.207975 24.207966 24.207958 24.20795 24.207942 24.207933 24.207925 24.207917 24.207908 24.2079 24.207891 24.207883 24.207875 24.207866 24.207858 24.207849 24.207841 24.207833 24.207824 24.207816 24.207807
24.208387 24.208383 24.208378 24.208374 24.208368 24.208363 24.208357 24.208351 24.208344 24.208337 24.208331 24.208323 24.208316 24.208308 24.208301 24.208293 24.208285 24.208277 24.208268 24.20826 24.208251 24.208242 24.208234 24.208225 24.208216 24.208207 24.208197 24.208188 24.208179 24.20817 24.20816 24.208151 24.208142 24.208132 24.208123 24.208113 24.208103 24.208094 24.208084 24.208075 24.208065 24.208055 24.208046 24.208036 24.208027 24.208017 24.208007 24.207998 24.207988 24.207979 24.207969 24.20796 24.20795 24.207941 24.207931 24.207922 24.207912 24.207903 24.207893 24.207884
24.208579 24.208571 24.208563 24.208555 24.208546 24.208537 24.208528 24.208519 24.208509 24.208499 24.20849 24.20848 24.208469 24.208459 24.208449 24.208438 24.208428 24.208417 24.208407 24.208396 24.208385 24.208374 24.208363 24.208352 24.208341 24.20833 24.208319 24.208308 24.208297 24.208286 24.208275 24.208264 24.208252 24.208241 24.20823 24.208219 24.208208 24.208197 24.208186 24.208175 24.208164 24.208153 24.208142 24.208131 24.20812 24.208109 24.208098 24.208087 24.208077 24.208066 24.208055 24.208045 24.208034 24.208023 24.208013 24.208002 24.207992 24.207982 24.207971 24.207961
24.208771 24.208759 24.208748 24.208736 24.208724 24.208711 24.208699 24.208687 24.208674 24.208661 24.208649 24.208636 24.208623 24.20861 24.208597 24.208584 24.208571 24.208558 24.208545 24.208532 24.208519 24.208506 24.208493 24.20848 24.208467 24.208454 24.208441 24.208428 24.208415 24.208402 24.208389 24.208376 24.208363 24.208351 24.208338 24.208325 24.208313 24.2083 24.208287 24.208275 24.208262 24.20825 24.208238 24.208226 24.208213 24.208201 24.208189 24.208177 24.208165 24.208153 24.208141 24.20813 24.208118 24.208106 24.208095 24.208083 24.208072 24.20806 24.208049 24.208038
24.208963 24.208948 24.208933 24.208917 24.208902 24.208886 24.20887 24.208855 24.208839 24.208823 24.208808 24.208792 24.208777 24.208761 24.208745 24.20873 24.208714 24.208699 24.208684 24.208668 24.208653 24.208638 24.208623 24.208607 24.208592 24.208577 24.208562 24.208548 24.208533 24.208518 24.208503 24.208489 24.208474 24.20846 24.208446 24.208431 24.208417 24.208403 24.208389 24.208375 24.208361 24.208347 24.208334 24.20832 24.208307 24.208293 24.20828 24.208267 24.208254 24.20824 24.208227 24.208215 24.208202 24.208189 24.208176 24.208164 24.208151 24.208139 24.208127 24.208114
24.209156 24.209137 24.209118 24.209099 24.20908 24.209061 24.209042 24.209023 24.209004 24.208986 24.208967 24.208949 24.20893 24.208912 24.208894 24.208876 24.208858 24.20884 24.208822 24.208805 24.208787 24.20877 24.208752 24.208735 24.208718 24.208701 24.208684 24.208667 24.208651 24.208634 24.208618 24.208601 24.208585 24.208569 24.208553 24.208537 24.208522 24.208506 24.208491 24.208475 24.20846 24.208445 24.20843 24.208415 24.2084 24.208385 24.208371 24.208356 24.208342 24.208328 24.208314 24.2083 24.208286 24.208272 24.208258 24.208244 24.208231 24.208218 24.208204 24.208191
24.209348 24.209326 24.209303 24.20928 24.209258 24.209236 24.209213 24.209191 24.20917 24.209148 24.209127 24.209105 24.209084 24.209063 24.209042 24.209022 24.209001 24.208981 24.208961 24.208941 24.208921 24.208902 24.208882 24.208863 24.208844 24.208825 24.208806 24.208787 24.208769 24.20875 24.208732 24.208714 24.208696 24.208679 24.208661 24.208644 24.208626 24.208609 24.208592 24.208575 24.208559 24.208542 24.208526 24.20851 24.208494 24.208478 24.208462 24.208446 24.20843 24.208415 24.2084 24.208385 24.20837 24.208355 24.20834 24.208325 24.208311 24.208296 24.208282 24.208268
24.209541 24.209515 24.209488 24.209462 24.209436 24.20941 24.209385 24.20936 24.209335 24.20931 24.209286 24.209262 24.209238 24.209214 24.209191 24.209168 24.209145 24.209122 24.2091 24.209077 24.209055 24.209033 24.209012 24.208991 24.208969 24.208948 24.208928 24.208907 24.208887 24.208867 24.208847 24.208827 24.208807 24.208788 24.208769 24.20875 24.208731 24.208712 24.208694 24.208676 24.208658 24.20864 24.208622 24.208604 24.208587 24.20857 24.208553 24.208536 24.208519 24.208502 24.208486 24.20847 24.208453 24.208437 24.208422 24.208406 24.20839 24.208375 24.20836 24.208345
24.209734 24.209703 24.209673 24.209644 24.209614 24.209585 24.209557 24.209528 24.2095 24.209473 24.209446 24.209419 24.209392 24.209366 24.20934 24.209314 24.209288 24.209263 24.209238 24.209214 24.209189 24.209165 24.209142 24.209118 24.209095 24.209072 24.209049 24.209027 24.209005 24.208983 24.208961 24.20894 24.208918 24.208897 24.208877 24.208856 24.208836 24.208815 24.208796 24.208776 24.208756 24.208737 24.208718 24.208699 24.20868 24.208662 24.208643 24.208625 24.208607 24.20859 24.208572 24.208555 24.208537 24.20852 24.208503 24.208487 24.20847 24.208454 24.208437 24.208421
24.209927 24.209892 24.209859 24.209825 24.209793 24.20976 24.209728 24.209697 24.209666 24.209635 24.209605 24.209575 24.209546 24.209517 24.209488 24.20946 24.209432 24.209404 24.209377 24.20935 24.209324 24.209297 24.209272 24.209246 24.209221 24.209196 24.209171 24.209147 24.209123 24.209099 24.209075 24.209052 24.209029 24.209007 24.208984 24.208962 24.20894 24.208919 24.208897 24.208876 24.208855 24.208834 24.208814 24.208794 24.208774 24.208754 24.208734 24.208715 24.208696 24.208677 24.208658 24.20864 24.208621 24.208603 24.208585 24.208567 24.20855 24.208532 24.208515 24.208498
24.210119 24.210081 24.210044 24.210007 24.209971 24.209935 24.2099 24.209865 24.209831 24.209798 24.209764 24.209732 24.2097 24.209668 24.209637 24.209606 24.209575 24.209545 24.209516 24.209487 24.209458 24.209429 24.209401 24.209374 24.209346 24.209319 24.209293 24.209267 24.209241 24.209215 24.20919 24.209165 24.20914 24.209116 24.209092 24.209068 24.209045 24.209022 24.208999 24.208976 24.208954 24.208932 24.20891 24.208888 24.208867 24.208846 24.208825 24.208804 24.208784 24.208764 24.208744 24.208724 24.208705 24.208686 24.208667 24.208648 24.208629 24.208611 24.208593 24.208575
24.210312 24.21027 24.210229 24.210189 24.210149 24.21011 24.210072 24.210034 24.209997 24.20996 24.209924 24.209888 24.209853 24.209819 24.209785 24.209752 24.209719 24.209686 24.209654 24.209623 24.209592 24.209561 24.209531 24.209501 24.209472 24.209443 24.209414 24.209386 24.209359 24.209331 24.209304 24.209277 24.209251 24.209225 24.2092 24.209174 24.209149 24.209125 24.2091 24.209076 24.209052 24.209029 24.209006 24.208983 24.20896 24.208938 24.208916 24.208894 24.208872 24.208851 24.20883 24.208809 24.208789 24.208768 24.208748 24.208728 24.208709 24.208689 24.20867 24.208651
24.210505 24.210459 24.210415 24.210371 24.210327 24.210285 24.210243 24.210202 24.210162 24.210122 24.210083 24.210045 24.210007 24.20997 24.209933 24.209897 24.209862 24.209827 24.209793 24.209759 24.209726 24.209693 24.209661 24.209629 24.209597 24.209567 24.209536 24.209506 24.209476 24.209447 24.209418 24.20939 24.209362 24.209334 24.209307 24.20928 24.209254 24.209228 24.209202 24.209176 24.209151 24.209126 24.209102 24.209077 24.209053 24.20903 24.209007 24.208984 24.208961 24.208938 24.208916 24.208894 24.208872 24.208851 24.20883 24.208809 24.208788 24.208768 24.208748 24.208728
24.210697 24.210648 24.2106 24.210552 24.210505 24.21046 24.210415 24.21037 24.210327 24.210284 24.210242 24.210201 24.210161 24.210121 24.210082 24.210043 24.210005 24.209968 24.209931 24.209895 24.20986 24.209825 24.20979 24.209756 24.209723 24.20969 24.209658 24.209626 24.209594 24.209563 24.209533 24.209502 24.209473 24.209443 24.209415 24.209386 24.209358 24.20933 24.209303 24.209276 24.20925 24.209223 24.209197 24.209172 24.209147 24.209122 24.209097 24.209073 24.209049 24.209025 24.209002 24.208979 24.208956 24.208934 24.208911 24.208889 24.208868 24.208846 24.208825 24.208804
24.21089 24.210837 24.210785 24.210733 24.210683 24.210634 24.210586 24.210539 24.210492 24.210446 24.210402 24.210357 24.210314 24.210272 24.21023 24.210189 24.210148 24.210109 24.21007 24.210031 24.209993 24.209956 24.20992 24.209884 24.209848 24.209813 24.209779 24.209745 24.209712 24.209679 24.209647 24.209615 24.209583 24.209553 24.209522 24.209492 24.209462 24.209433 24.209404 24.209376 24.209348 24.20932 24.209293 24.209266 24.20924 24.209214 24.209188 24.209162 24.209137 24.209112 24.209088 24.209064 24.20904 24.209016 24.208993 24.20897 24.208947 24.208925 24.208903 24.208881
24.211082 24.211025 24.210969 24.210915 24.210861 24.210809 24.210757 24.210706 24.210657 24.210608 24.21056 24.210514 24.210468 24.210422 24.210378 24.210334 24.210291 24.210249 24.210208 24.210167 24.210127 24.210088 24.210049 24.210011 24.209973 24.209937 24.2099 24.209865 24.209829 24.209795 24.209761 24.209727 24.209694 24.209661 24.209629 24.209598 24.209567 24.209536 24.209506 24.209476 24.209446 24.209417 24.209389 24.209361 24.209333 24.209305 24.209278 24.209252 24.209225 24.209199 24.209174 24.209148 24.209123 24.209099 24.209074 24.20905 24.209027 24.209003 24.20898 24.208957
24.211274 24.211213 24.211154 24.211096 24.211039 24.210983 24.210928 24.210874 24.210822 24.21077 24.210719 24.21067 24.210621 24.210573 24.210526 24.21048 24.210434 24.21039 24.210346 24.210303 24.210261 24.210219 24.210178 24.210138 24.210099 24.21006 24.210021 24.209984 24.209947 24.20991 24.209875 24.209839 24.209805 24.20977 24.209737 24.209703 24.209671 24.209639 24.209607 24.209576 24.209545 24.209514 24.209484 24.209455 24.209426 24.209397 24.209369 24.209341 24.209313 24.209286 24.209259 24.209233 24.209207 24.209181 24.209156 24.209131 24.209106 24.209081 24.209057 24.209033
24.211466 24.211401 24.211338 24.211276 24.211216 24.211157 24.211099 24.211042 24.210986 24.210931 24.210878 24.210825 24.210774 24.210723 24.210674 24.210625 24.210577 24.21053 24.210484 24.210439 24.210394 24.21035 24.210307 24.210265 24.210224 24.210183 24.210143 24.210103 24.210064 24.210026 24.209988 24.209951 24.209915 24.209879 24.209844 24.209809 24.209775 24.209741 24.209708 24.209675 24.209643 24.209611 24.20958 24.209549 24.209519 24.209489 24.209459 24.20943 24.209401 24.209373 24.209345 24.209317 24.20929 24.209263 24.209237 24.209211 24.209185 24.20916 24.209135 24.20911
24.211657 24.211589 24.211522 24.211457 24.211393 24.21133 24.211269 24.211209 24.21115 24.211093 24.211036 24.210981 24.210927 24.210873 24.210821 24.21077 24.210719 24.21067 24.210622 24.210574 24.210527 24.210481 24.210436 24.210392 24.210348 24.210306 24.210263 24.210222 24.210181 24.210141 24.210102 24.210063 24.210025 24.209988 24.209951 24.209914 24.209879 24.209843 24.209809 24.209775 24.209741 24.209708 24.209675 24.209643 24.209611 24.20958 24.209549 24.209519 24.209489 24.20946 24.209431 24.209402 24.209374 24.209346 24.209318 24.209291 24.209264 24.209238 24.209212 24.209186
24.211848 24.211776 24.211706 24.211637 24.21157 24.211504 24.211439 24.211376 24.211314 24.211254 24.211194 24.211136 24.211079 24.211023 24.210968 24.210915 24.210862 24.21081 24.210759 24.210709 24.21066 24.210612 24.210565 24.210519 24.210473 24.210428 24.210384 24.210341 24.210298 24.210257 24.210215 24.210175 24.210135 24.210096 24.210058 24.21002 24.209982 24.209946 24.20991 24.209874 24.209839 24.209804 24.20977 24.209737 24.209704 24.209672 24.20964 24.209608 24.209577 24.209546 24.209516 24.209486 24.209457 24.209428 24.209399 24.209371 24.209343 24.209316 24.209289 24.209262
24.212039 24.211963 24.211889 24.211817 24.211746 24.211677 24.211609 24.211543 24.211478 24.211414 24.211352 24.211291 24.211231 24.211173 24.211115 24.211059 24.211004 24.21095 24.210896 24.210844 24.210793 24.210743 24.210694 24.210645 24.210597 24.210551 24.210505 24.21046 24.210415 24.210372 24.210329 24.210287 24.210245 24.210204 24.210164 24.210125 24.210086 24.210048 24.21001 24.209973 24.209937 24.209901 24.209866 24.209831 24.209797 24.209763 24.20973 24.209697 24.209664 24.209633 24.209601 24.20957 24.20954 24.20951 24.20948 24.209451 24.209422 24.209394 24.209366 24.209338
