layers/tmin.tif
NCOLS 300
NROWS 300
XLLCORNER 108.422
YLLCORNER 2.17447
DX 0.11742
DY 0.06627
NODATA_VALUE -9999
[rows 104 to 129 of 300, columns 240 to 299 of 300]
24.195756 24.195938 24.196116 24.19629 24.19646 24.196626 24.196789 24.196949 24.197105 24.197258 24.197407 24.197553 24.197697 24.197837 24.197974 24.198109 24.19824 24.198369 24.198495 24.198619 24.19874 24.198858 24.198974 24.199088 24.199199 24.199309 24.199415 24.19952 24.199623 24.199724 24.199822 24.199919 24.200014 24.200107 24.200198 24.200287 24.200375 24.200461 24.200545 24.200627 24.200708 24.200788 24.200866 24.200942 24.201017 24.201091 24.201163 24.201234 24.201303 24.201372 24.201439 24.201504 24.201569 24.201632 24.201695 24.201756 24.201816 24.201874 24.201932 24.201989
24.195851 24.196032 24.196209 24.196383 24.196552 24.196718 24.196881 24.19704 24.197195 24.197347 24.197496 24.197642 24.197784 24.197924 24.198061 24.198194 24.198325 24.198453 24.198579 24.198702 24.198822 24.19894 24.199056 24.199169 24.199279 24.199388 24.199494 24.199598 24.1997 24.1998 24.199898 24.199994 24.200089 24.200181 24.200271 24.20036 24.200447 24.200532 24.200616 24.200698 24.200778 24.200857 24.200934 24.20101 24.201085 24.201158 24.201229 24.2013 24.201369 24.201436 24.201503 24.201568 24.201632 24.201695 24.201756 24.201817 24.201876 24.201935 24.201992 24.202048
24.195946 24.196127 24.196304 24.196477 24.196646 24.196811 24.196973 24.197132 24.197286 24.197438 24.197586 24.197731 24.197873 24.198012 24.198148 24.198281 24.198411 24.198539 24.198664 24.198786 24.198906 24.199023 24.199138 24.19925 24.19936 24.199468 24.199574 24.199677 24.199778 24.199878 24.199975 24.200071 24.200164 24.200256 24.200346 24.200434 24.20052 24.200604 24.200687 24.200769 24.200849 24.200927 24.201004 24.201079 24.201153 24.201225 24.201296 24.201366 24.201434 24.201501 24.201567 24.201632 24.201695 24.201757 24.201818 24.201878 24.201937 24.201995 24.202052 24.202108
24.196044 24.196224 24.1964 24.196572 24.196741 24.196906 24.197067 24.197225 24.197379 24.19753 24.197677 24.197822 24.197963 24.198101 24.198237 24.198369 24.198499 24.198625 24.198749 24.198871 24.19899 24.199107 24.199221 24.199332 24.199442 24.199549 24.199654 24.199757 24.199857 24.199956 24.200053 24.200147 24.20024 24.200331 24.20042 24.200508 24.200593 24.200677 24.20076 24.20084 24.200919 24.200997 24.201073 24.201148 24.201221 24.201293 24.201363 24.201432 24.2015 24.201567 24.201632 24.201696 24.201759 24.20182 24.201881 24.20194 24.201999 24.202056 24.202112 24.202168
24.196142 24.196322 24.196498 24.196669 24.196837 24.197001 24.197162 24.197319 24.197472 24.197623 24.19777 24.197913 24.198054 24.198191 24.198326 24.198458 24.198587 24.198713 24.198836 24.198957 24.199075 24.199191 24.199304 24.199415 24.199524 24.19963 24.199735 24.199837 24.199937 24.200035 24.200131 24.200225 24.200317 24.200407 24.200496 24.200582 24.200667 24.200751 24.200832 24.200912 24.200991 24.201068 24.201143 24.201217 24.20129 24.201361 24.201431 24.201499 24.201567 24.201632 24.201697 24.201761 24.201823 24.201884 24.201944 24.202003 24.202061 24.202117 24.202173 24.202228
24.196242 24.196421 24.196596 24.196767 24.196935 24.197098 24.197258 24.197414 24.197567 24.197717 24.197863 24.198006 24.198146 24.198283 24.198416 24.198547 24.198675 24.198801 24.198924 24.199044 24.199161 24.199276 24.199389 24.199499 24.199607 24.199713 24.199816 24.199918 24.200017 24.200114 24.20021 24.200303 24.200394 24.200484 24.200572 24.200658 24.200742 24.200825 24.200906 24.200985 24.201063 24.201139 24.201214 24.201287 24.201359 24.20143 24.201499 24.201567 24.201633 24.201699 24.201763 24.201826 24.201887 24.201948 24.202007 24.202066 24.202123 24.202179 24.202234 24.202288
24.196344 24.196522 24.196697 24.196867 24.197033 24.197196 24.197355 24.197511 24.197663 24.197812 24.197957 24.1981 24.198239 24.198375 24.198508 24.198638 24.198765 24.19889 24.199012 24.199131 24.199248 24.199362 24.199474 24.199584 24.199691 24.199796 24.199899 24.199999 24.200098 24.200194 24.200289 24.200382 24.200472 24.200561 24.200648 24.200734 24.200817 24.200899 24.200979 24.201058 24.201135 24.201211 24.201285 24.201358 24.201429 24.201499 24.201568 24.201635 24.201701 24.201765 24.201829 24.201891 24.201952 24.202012 24.202071 24.202129 24.202185 24.202241 24.202295 24.202349
24.196447 24.196624 24.196798 24.196968 24.197134 24.197296 24.197454 24.197609 24.19776 24.197908 24.198053 24.198194 24.198333 24.198468 24.1986 24.19873 24.198856 24.19898 24.199101 24.19922 24.199336 24.199449 24.19956 24.199669 24.199776 24.19988 24.199982 24.200082 24.200179 24.200275 24.200369 24.200461 24.200551 24.200639 24.200725 24.20081 24.200893 24.200974 24.201054 24.201132 24.201208 24.201283 24.201357 24.201429 24.201499 24.201569 24.201637 24.201703 24.201768 24.201833 24.201895 24.201957 24.202018 24.202077 24.202135 24.202192 24.202248 24.202303 24.202357 24.20241
24.196551 24.196728 24.196901 24.19707 24.197235 24.197396 24.197554 24.197708 24.197858 24.198006 24.198149 24.19829 24.198428 24.198562 24.198694 24.198822 24.198948 24.199071 24.199191 24.199309 24.199424 24.199537 24.199647 24.199755 24.199861 24.199964 24.200066 24.200165 24.200262 24.200357 24.20045 24.200541 24.20063 24.200718 24.200803 24.200887 24.200969 24.20105 24.201129 24.201206 24.201282 24.201356 24.201429 24.2015 24.20157 24.201639 24.201706 24.201772 24.201837 24.2019 24.201962 24.202023 24.202083 24.202142 24.202199 24.202256 24.202311 24.202366 24.202419 24.202472
24.196657 24.196833 24.197005 24.197173 24.197338 24.197498 24.197655 24.197808 24.197958 24.198104 24.198247 24.198387 24.198524 24.198657 24.198788 24.198916 24.199041 24.199163 24.199282 24.199399 24.199514 24.199626 24.199735 24.199842 24.199947 24.20005 24.20015 24.200248 24.200345 24.200439 24.200531 24.200622 24.20071 24.200797 24.200882 24.200965 24.201046 24.201126 24.201204 24.201281 24.201356 24.201429 24.201501 24.201572 24.201641 24.201709 24.201776 24.201841 24.201905 24.201968 24.20203 24.20209 24.202149 24.202207 24.202264 24.20232 24.202375 24.202429 24.202482 24.202534
24.196764 24.196939 24.197111 24.197278 24.197441 24.197601 24.197757 24.197909 24.198058 24.198204 24.198346 24.198485 24.198621 24.198754 24.198883 24.19901 24.199134 24.199256 24.199374 24.19949 24.199604 24.199715 24.199824 24.19993 24.200034 24.200136 24.200235 24.200333 24.200428 24.200522 24.200613 24.200703 24.200791 24.200876 24.200961 24.201043 24.201124 24.201203 24.20128 24.201356 24.20143 24.201503 24.201575 24.201645 24.201713 24.20178 24.201846 24.201911 24.201974 24.202036 24.202097 24.202157 24.202216 24.202273 24.202329 24.202385 24.202439 24.202492 24.202544 24.202596
24.196873 24.197047 24.197218 24.197384 24.197547 24.197705 24.197861 24.198012 24.19816 24.198305 24.198446 24.198584 24.198719 24.198851 24.19898 24.199106 24.199229 24.199349 24.199467 24.199582 24.199695 24.199805 24.199913 24.200019 24.200122 24.200223 24.200321 24.200418 24.200513 24.200605 24.200696 24.200785 24.200872 24.200957 24.20104 24.201122 24.201202 24.20128 24.201357 24.201432 24.201505 24.201577 24.201648 24.201717 24.201785 24.201852 24.201917 24.201981 24.202044 24.202105 24.202165 24.202224 24.202282 24.202339 24.202395 24.20245 24.202503 24.202556 24.202608 24.202658
24.196983 24.197157 24.197326 24.197492 24.197653 24.197811 24.197965 24.198116 24.198263 24.198407 24.198547 24.198684 24.198818 24.198949 24.199077 24.199202 24.199324 24.199444 24.199561 24.199675 24.199787 24.199896 24.200003 24.200108 24.20021 24.20031 24.200408 24.200504 24.200598 24.20069 24.200779 24.200867 24.200953 24.201038 24.20112 24.201201 24.20128 24.201358 24.201434 24.201508 24.201581 24.201652 24.201722 24.201791 24.201858 24.201924 24.201988 24.202052 24.202114 24.202174 24.202234 24.202292 24.20235 24.202406 24.202461 24.202515 24.202568 24.20262 24.202671 24.202721
24.197094 24.197267 24.197436 24.1976 24.197761 24.197918 24.198071 24.198221 24.198367 24.19851 24.198649 24.198785 24.198918 24.199048 24.199175 24.1993 24.199421 24.19954 24.199656 24.199769 24.19988 24.199988 24.200094 24.200198 24.200299 24.200399 24.200496 24.200591 24.200683 24.200774 24.200863 24.200951 24.201036 24.201119 24.201201 24.201281 24.201359 24.201436 24.201511 24.201585 24.201657 24.201728 24.201797 24.201865 24.201931 24.201996 24.20206 24.202122 24.202184 24.202244 24.202303 24.202361 24.202417 24.202473 24.202527 24.202581 24.202633 24.202684 24.202735 24.202784
24.197207 24.197379 24.197547 24.197711 24.19787 24.198026 24.198178 24.198327 24.198472 24.198614 24.198752 24.198888 24.19902 24.199149 24.199275 24.199398 24.199518 24.199636 24.199751 24.199863 24.199973 24.200081 24.200186 24.200289 24.200389 24.200488 24.200584 24.200678 24.20077 24.20086 24.200948 24.201034 24.201119 24.201201 24.201282 24.201362 24.201439 24.201515 24.201589 24.201662 24.201734 24.201803 24.201872 24.201939 24.202005 24.202069 24.202132 24.202194 24.202254 24.202314 24.202372 24.202429 24.202485 24.20254 24.202594 24.202647 24.202698 24.202749 24.202799 24.202848
24.197322 24.197493 24.197659 24.197822 24.197981 24.198136 24.198287 24.198434 24.198579 24.198719 24.198857 24.198991 24.199122 24.19925 24.199375 24.199497 24.199617 24.199733 24.199847 24.199959 24.200068 24.200174 24.200279 24.20038 24.20048 24.200577 24.200673 24.200766 24.200857 24.200946 24.201033 24.201119 24.201202 24.201284 24.201364 24.201443 24.201519 24.201594 24.201668 24.20174 24.201811 24.20188 24.201947 24.202014 24.202079 24.202142 24.202205 24.202266 24.202326 24.202384 24.202442 24.202498 24.202553 24.202608 24.202661 24.202713 24.202764 24.202814 24.202863 24.202911
24.197438 24.197608 24.197773 24.197935 24.198092 24.198246 24.198396 24.198543 24.198686 24.198826 24.198962 24.199095 24.199225 24.199352 24.199476 24.199598 24.199716 24.199832 24.199945 24.200055 24.200163 24.200269 24.200372 24.200473 24.200571 24.200668 24.200762 24.200854 24.200945 24.201033 24.201119 24.201204 24.201287 24.201367 24.201447 24.201524 24.2016 24.201674 24.201747 24.201818 24.201888 24.201956 24.202023 24.202089 24.202153 24.202216 24.202278 24.202338 24.202397 24.202455 24.202512 24.202568 24.202622 24.202676 24.202728 24.20278 24.20283 24.202879 24.202928 24.202976
24.197555 24.197724 24.197889 24.198049 24.198206 24.198358 24.198507 24.198653 24.198795 24.198933 24.199069 24.199201 24.19933 24.199456 24.199579 24.199699 24.199816 24.199931 24.200043 24.200152 24.200259 24.200364 24.200466 24.200566 24.200664 24.200759 24.200852 24.200944 24.201033 24.20112 24.201206 24.20129 24.201371 24.201451 24.20153 24.201606 24.201681 24.201755 24.201827 24.201897 24.201966 24.202034 24.2021 24.202165 24.202228 24.20229 24.202351 24.202411 24.202469 24.202526 24.202582 24.202637 24.202691 24.202744 24.202796 24.202847 24.202896 24.202945 24.202993 24.20304
24.197674 24.197842 24.198005 24.198164 24.19832 24.198472 24.198619 24.198764 24.198905 24.199042 24.199176 24.199307 24.199435 24.19956 24.199682 24.199801 24.199917 24.200031 24.200142 24.20025 24.200356 24.20046 24.200561 24.20066 24.200757 24.200851 24.200943 24.201034 24.201122 24.201209 24.201293 24.201376 24.201457 24.201536 24.201613 24.201689 24.201763 24.201836 24.201907 24.201977 24.202045 24.202111 24.202177 24.202241 24.202303 24.202365 24.202425 24.202484 24.202541 24.202598 24.202653 24.202707 24.202761 24.202813 24.202864 24.202914 24.202963 24.203011 24.203058 24.203105
24.197795 24.197961 24.198123 24.198281 24.198436 24.198586 24.198733 24.198876 24.199016 24.199152 24.199285 24.199415 24.199542 24.199665 24.199786 24.199904 24.200019 24.200132 24.200242 24.200349 24.200454 24.200557 24.200657 24.200755 24.20085 24.200944 24.201035 24.201125 24.201212 24.201297 24.201381 24.201463 24.201543 24.201621 24.201698 24.201772 24.201846 24.201918 24.201988 24.202056 24.202124 24.20219 24.202254 24.202317 24.202379 24.20244 24.202499 24.202557 24.202614 24.20267 24.202724 24.202778 24.20283 24.202882 24.202932 24.202982 24.20303 24.203077 24.203124 24.20317
24.197917 24.198082 24.198243 24.1984 24.198553 24.198702 24.198847 24.198989 24.199128 24.199263 24.199395 24.199524 24.199649 24.199772 24.199891 24.200008 24.200122 24.200234 24.200343 24.200449 24.200553 24.200654 24.200753 24.20085 24.200945 24.201037 24.201128 24.201216 24.201302 24.201387 24.20147 24.20155 24.201629 24.201707 24.201782 24.201856 24.201929 24.202 24.202069 24.202137 24.202203 24.202268 24.202332 24.202394 24.202455 24.202515 24.202574 24.202631 24.202687 24.202742 24.202796 24.202849 24.202901 24.202951 24.203001 24.20305 24.203097 24.203144 24.20319 24.203235
24.19804 24.198204 24.198363 24.198519 24.198671 24.198819 24.198963 24.199104 24.199241 24.199375 24.199506 24.199633 24.199758 24.199879 24.199998 24.200113 24.200226 24.200336 24.200444 24.200549 24.200652 24.200752 24.20085 24.200946 24.20104 24.201131 24.201221 24.201308 24.201393 24.201477 24.201559 24.201638 24.201717 24.201793 24.201868 24.201941 24.202012 24.202082 24.202151 24.202218 24.202283 24.202347 24.20241 24.202472 24.202532 24.202591 24.202649 24.202705 24.202761 24.202815 24.202868 24.20292 24.202971 24.203021 24.20307 24.203118 24.203165 24.203211 24.203256 24.203301
24.198165 24.198327 24.198486 24.19864 24.19879 24.198937 24.19908 24.19922 24.199356 24.199488 24.199618 24.199744 24.199867 24.199987 24.200105 24.200219 24.200331 24.20044 24.200547 24.200651 24.200752 24.200852 24.200948 24.201043 24.201136 24.201226 24.201314 24.201401 24.201485 24.201568 24.201648 24.201727 24.201804 24.20188 24.201954 24.202026 24.202096 24.202165 24.202233 24.202299 24.202364 24.202427 24.202489 24.20255 24.202609 24.202667 24.202724 24.20278 24.202834 24.202888 24.20294 24.202992 24.203042 24.203091 24.203139 24.203187 24.203233 24.203278 24.203323 24.203367
24.198291 24.198452 24.198609 24.198762 24.198911 24.199057 24.199198 24.199337 24.199471 24.199603 24.199731 24.199856 24.199978 24.200097 24.200213 24.200326 24.200437 24.200545 24.20065 24.200753 24.200853 24.200951 24.201047 24.201141 24.201232 24.201322 24.201409 24.201494 24.201578 24.201659 24.201739 24.201817 24.201893 24.201967 24.20204 24.202111 24.202181 24.202249 24.202316 24.202381 24.202445 24.202507 24.202568 24.202628 24.202687 24.202744 24.2028 24.202855 24.202909 24.202961 24.203013 24.203064 24.203113 24.203162 24.203209 24.203256 24.203301 24.203346 24.20339 24.203433
24.198419 24.198578 24.198734 24.198886 24.199034 24.199178 24.199318 24.199455 24.199588 24.199718 24.199845 24.199969 24.200089 24.200207 24.200322 24.200434 24.200543 24.20065 24.200754 24.200856 24.200955 24.201052 24.201147 24.201239 24.20133 24.201418 24.201504 24.201588 24.201671 24.201751 24.20183 24.201907 24.201982 24.202055 24.202127 24.202197 24.202266 24.202333 24.202399 24.202463 24.202526 24.202588 24.202648 24.202707 24.202765 24.202821 24.202876 24.20293 24.202983 24.203035 24.203086 24.203136 24.203185 24.203232 24.203279 24.203325 24.20337 24.203414 24.203457 24.203499
24.198548 24.198706 24.19886 24.199011 24.199157 24.1993 24.199439 24.199574 24.199706 24.199835 24.19996 24.200083 24.200202 24.200318 24.200432 24.200543 24.200651 24.200756 24.200859 24.20096 24.201058 24.201154 24.201247 24.201339 24.201428 24.201515 24.2016 24.201683 24.201764 24.201844 24.201921 24.201997 24.202071 24.202144 24.202215 24.202284 24.202352 24.202418 24.202483 24.202546 24.202608 24.202669 24.202728 24.202786 24.202843 24.202899 24.202953 24.203006 24.203058 24.20311 24.20316 24.203209 24.203257 24.203304 24.20335 24.203395 24.203439 24.203482 24.203525 24.203566
