layers_legit/relhum.tif
NCOLS 300
NROWS 300
XLLCORNER 108.422
YLLCORNER 2.17447
DX 0.11742
DY 0.06627
NODATA_VALUE -9999
[rows 78 to 103 of 300, columns 180 to 239 of 300]
82.586909 82.587223 82.587572 82.587954 82.588368 82.588812 82.589283 82.58978 82.590302 82.590847 82.591413 82.591999 82.592603 82.593225 82.593863 82.594516 82.595182 82.595861 82.596552 82.597253 82.597964 82.598684 82.599412 82.600147 82.600889 82.601636 82.602389 82.603146 82.603907 82.604671 82.605438 82.606207 82.606978 82.60775 82.608523 82.609296 82.61007 82.610844 82.611616 82.612388 82.613159 82.613928 82.614696 82.615461 82.616224 82.616985 82.617743 82.618499 82.619251 82.62 82.620746 82.621488 82.622227 82.622962 82.623693 82.62442 82.625144 82.625863 82.626577 82.627288
82.585443 82.585784 82.58616 82.586569 82.587009 82.587479 82.587976 82.588499 82.589046 82.589616 82.590207 82.590817 82.591445 82.592091 82.592752 82.593427 82.594116 82.594817 82.595529 82.596252 82.596984 82.597724 82.598472 82.599227 82.599988 82.600754 82.601525 82.6023 82.603078 82.60386 82.604644 82.605429 82.606217 82.607005 82.607793 82.608582 82.609371 82.610159 82.610946 82.611731 82.612516 82.613298 82.614079 82.614857 82.615632 82.616405 82.617175 82.617942 82.618706 82.619466 82.620223 82.620975 82.621725 82.62247 82.623211 82.623947 82.62468 82.625408 82.626132 82.626851
82.583964 82.584332 82.584735 82.585172 82.585639 82.586135 82.586659 82.587208 82.587781 82.588376 82.588992 82.589627 82.59028 82.59095 82.591634 82.592333 82.593045 82.593768 82.594502 82.595246 82.595999 82.59676 82.597529 82.598303 82.599084 82.599869 82.600659 82.601452 82.602248 82.603047 82.603848 82.604651 82.605454 82.606259 82.607063 82.607867 82.60867 82.609473 82.610274 82.611074 82.611872 82.612668 82.613462 82.614252 82.615041 82.615826 82.616608 82.617386 82.618161 82.618932 82.6197 82.620463 82.621223 82.621978 82.622729 82.623475 82.624217 82.624955 82.625688 82.626416
82.58247 82.582866 82.583298 82.583762 82.584257 82.584781 82.585332 82.585908 82.586507 82.587129 82.58777 82.58843 82.589108 82.589802 82.590511 82.591233 82.591968 82.592714 82.593471 82.594237 82.595011 82.595793 82.596582 82.597377 82.598177 82.598982 82.59979 82.600602 82.601417 82.602233 82.603052 82.603871 82.604691 82.605511 82.606332 82.607151 82.60797 82.608787 82.609603 82.610417 82.611229 82.612038 82.612845 82.613648 82.614449 82.615247 82.61604 82.616831 82.617617 82.6184 82.619178 82.619952 82.620722 82.621487 82.622248 82.623004 82.623756 82.624502 82.625244 82.625981
82.580961 82.581387 82.581848 82.582341 82.582864 82.583416 82.583995 82.584598 82.585225 82.585872 82.58654 82.587226 82.587929 82.588648 82.589381 82.590128 82.590886 82.591655 82.592435 82.593223 82.594019 82.594823 82.595632 82.596448 82.597268 82.598092 82.59892 82.59975 82.600583 82.601418 82.602254 82.60309 82.603927 82.604764 82.6056 82.606435 82.607269 82.608101 82.608931 82.60976 82.610585 82.611408 82.612228 82.613045 82.613858 82.614668 82.615474 82.616276 82.617074 82.617867 82.618657 82.619442 82.620222 82.620997 82.621768 82.622534 82.623295 82.624051 82.624802 82.625548
82.579439 82.579895 82.580385 82.580907 82.58146 82.582041 82.582648 82.583279 82.583933 82.584608 82.585303 82.586015 82.586744 82.587488 82.588246 82.589017 82.589799 82.590592 82.591394 82.592205 82.593024 82.593849 82.594679 82.595516 82.596356 82.5972 82.598047 82.598897 82.599748 82.600601 82.601454 82.602308 82.603162 82.604015 82.604867 82.605718 82.606567 82.607415 82.60826 82.609102 82.609942 82.610778 82.611612 82.612442 82.613268 82.61409 82.614908 82.615722 82.616531 82.617336 82.618136 82.618932 82.619723 82.620509 82.62129 82.622065 82.622836 82.623601 82.624361 82.625116
82.577902 82.578389 82.57891 82.579462 82.580045 82.580655 82.581291 82.581951 82.582633 82.583336 82.584057 82.584797 82.585552 82.586322 82.587105 82.587901 82.588708 82.589524 82.59035 82.591184 82.592024 82.592871 82.593724 82.594581 82.595442 82.596306 82.597173 82.598041 82.598911 82.599782 82.600654 82.601525 82.602396 82.603266 82.604134 82.605001 82.605866 82.606728 82.607588 82.608445 82.609299 82.610149 82.610996 82.611839 82.612678 82.613512 82.614343 82.615168 82.615989 82.616806 82.617617 82.618424 82.619225 82.620021 82.620812 82.621598 82.622378 82.623152 82.623922 82.624685
82.576351 82.57687 82.577422 82.578005 82.578618 82.579258 82.579924 82.580613 82.581324 82.582055 82.582805 82.583571 82.584353 82.58515 82.585959 82.58678 82.587611 82.588452 82.589302 82.590159 82.591022 82.591891 82.592765 82.593644 82.594525 82.59541 82.596296 82.597184 82.598073 82.598963 82.599852 82.600741 82.601629 82.602516 82.603401 82.604284 82.605164 82.606042 82.606917 82.607788 82.608656 82.60952 82.610381 82.611237 82.612088 82.612936 82.613778 82.614616 82.615449 82.616276 82.617099 82.617916 82.618728 82.619535 82.620336 82.621131 82.621921 82.622705 82.623483 82.624256
82.574786 82.575337 82.575921 82.576536 82.57718 82.577852 82.578548 82.579267 82.580007 82.580767 82.581545 82.582339 82.583148 82.583972 82.584807 82.585654 82.58651 82.587376 82.588249 82.58913 82.590016 82.590908 82.591804 82.592704 82.593607 82.594512 82.595418 82.596326 82.597234 82.598143 82.59905 82.599957 82.600862 82.601766 82.602668 82.603567 82.604463 82.605356 82.606246 82.607132 82.608014 82.608892 82.609766 82.610635 82.6115 82.61236 82.613215 82.614064 82.614909 82.615748 82.616582 82.61741 82.618233 82.619049 82.619861 82.620666 82.621465 82.622259 82.623046 82.623828
82.573207 82.573791 82.574408 82.575056 82.575732 82.576435 82.577162 82.577911 82.578681 82.579471 82.580278 82.5811 82.581937 82.582788 82.58365 82.584523 82.585405 82.586295 82.587193 82.588098 82.589008 82.589922 82.590841 82.591762 82.592686 82.593612 82.594539 82.595467 82.596394 82.597321 82.598247 82.599172 82.600095 82.601016 82.601934 82.602849 82.603761 82.60467 82.605575 82.606476 82.607372 82.608264 82.609152 82.610035 82.610912 82.611785 82.612652 82.613514 82.61437 82.615221 82.616066 82.616905 82.617738 82.618565 82.619387 82.620202 82.621011 82.621814 82.622611 82.623401
82.571614 82.572232 82.572883 82.573564 82.574273 82.575007 82.575766 82.576547 82.577348 82.578167 82.579003 82.579855 82.58072 82.581598 82.582488 82.583387 82.584295 82.585211 82.586134 82.587062 82.587996 82.588934 82.589875 82.590818 82.591764 82.592711 82.593658 82.594606 82.595553 82.596499 82.597444 82.598387 82.599327 82.600265 82.6012 82.602132 82.60306 82.603984 82.604904 82.60582 82.606731 82.607637 82.608539 82.609435 82.610326 82.611211 82.612091 82.612965 82.613833 82.614695 82.615551 82.616401 82.617245 82.618083 82.618914 82.61974 82.620558 82.621371 82.622177 82.622976
82.570007 82.57066 82.571345 82.57206 82.572803 82.57357 82.574361 82.575174 82.576006 82.576856 82.577722 82.578603 82.579497 82.580404 82.58132 82.582247 82.583181 82.584123 82.585071 82.586024 82.586981 82.587943 82.588907 82.589873 82.59084 82.591808 82.592776 82.593744 82.594711 82.595676 82.59664 82.597601 82.598559 82.599515 82.600467 82.601415 82.602359 82.603299 82.604235 82.605165 82.606091 82.607011 82.607926 82.608836 82.60974 82.610638 82.61153 82.612417 82.613297 82.61417 82.615038 82.615899 82.616754 82.617602 82.618444 82.619279 82.620107 82.620929 82.621745 82.622553
82.568386 82.569075 82.569796 82.570545 82.571322 82.572123 82.572947 82.573792 82.574656 82.575537 82.576434 82.577345 82.578269 82.579203 82.580148 82.581102 82.582063 82.583031 82.584004 82.584982 82.585964 82.586949 82.587936 82.588925 82.589914 82.590904 82.591893 82.592881 82.593868 82.594853 82.595835 82.596815 82.597791 82.598764 82.599733 82.600698 82.601659 82.602615 82.603565 82.604511 82.605451 82.606386 82.607315 82.608238 82.609156 82.610067 82.610971 82.61187 82.612762 82.613647 82.614526 82.615398 82.616264 82.617123 82.617974 82.61882 82.619658 82.620489 82.621314 82.622132
82.566751 82.567477 82.568234 82.569019 82.569831 82.570667 82.571524 82.572402 82.573299 82.574212 82.57514 82.576081 82.577034 82.577998 82.578971 82.579953 82.580941 82.581936 82.582935 82.583938 82.584945 82.585954 82.586964 82.587976 82.588987 82.589999 82.591009 82.592018 82.593025 82.594029 82.595031 82.596029 82.597024 82.598014 82.599001 82.599982 82.600959 82.601931 82.602897 82.603858 82.604813 82.605762 82.606705 82.607642 82.608572 82.609496 82.610414 82.611324 82.612228 82.613126 82.614016 82.614899 82.615775 82.616645 82.617507 82.618362 82.61921 82.620051 82.620885 82.621712
82.565103 82.565866 82.56666 82.567482 82.568329 82.5692 82.570093 82.571004 82.571934 82.572879 82.573839 82.574811 82.575795 82.576788 82.57779 82.5788 82.579816 82.580837 82.581863 82.582891 82.583923 82.584956 82.58599 82.587025 82.588059 82.589092 82.590124 82.591154 82.592181 82.593205 82.594226 82.595243 82.596256 82.597265 82.598268 82.599267 82.60026 82.601248 82.60223 82.603206 82.604176 82.605139 82.606096 82.607047 82.607991 82.608928 82.609858 82.610781 82.611697 82.612605 82.613507 82.614402 82.615289 82.616169 82.617041 82.617906 82.618764 82.619615 82.620458 82.621294
82.563441 82.564242 82.565074 82.565933 82.566817 82.567724 82.568652 82.569598 82.570561 82.57154 82.572531 82.573535 82.57455 82.575573 82.576605 82.577643 82.578687 82.579735 82.580787 82.581842 82.582899 82.583957 82.585015 82.586073 82.58713 82.588185 82.589239 82.590289 82.591337 82.592381 82.593422 82.594458 82.595489 82.596515 82.597536 82.598552 82.599562 82.600566 82.601563 82.602555 82.603539 82.604518 82.605489 82.606453 82.60741 82.60836 82.609303 82.610238 82.611166 82.612087 82.613 82.613906 82.614804 82.615694 82.616577 82.617452 82.61832 82.61918 82.620032 82.620877
82.561765 82.562606 82.563477 82.564374 82.565296 82.566239 82.567203 82.568184 82.569182 82.570194 82.571218 82.572254 82.5733 82.574354 82.575415 82.576482 82.577555 82.578631 82.57971 82.580791 82.581873 82.582956 82.584038 82.58512 82.5862 82.587278 82.588353 82.589425 82.590493 82.591557 82.592617 82.593672 82.594722 82.595767 82.596805 82.597838 82.598865 82.599885 82.600898 82.601905 82.602905 82.603897 82.604883 82.605861 82.606831 82.607794 82.60875 82.609698 82.610638 82.61157 82.612495 82.613412 82.614321 82.615222 82.616115 82.617 82.617878 82.618747 82.619609 82.620463
82.560076 82.560958 82.561868 82.562804 82.563764 82.564745 82.565745 82.566762 82.567795 82.568841 82.569899 82.570967 82.572045 82.57313 82.574221 82.575318 82.576419 82.577523 82.57863 82.579737 82.580845 82.581953 82.58306 82.584166 82.585269 82.586369 82.587467 82.58856 82.589649 82.590734 82.591813 82.592888 82.593956 82.595019 82.596075 82.597125 82.598168 82.599205 82.600234 82.601256 82.602271 82.603278 82.604278 82.60527 82.606254 82.60723 82.608199 82.609159 82.610111 82.611056 82.611992 82.61292 82.61384 82.614751 82.615655 82.61655 82.617437 82.618317 82.619188 82.620051
82.558373 82.559297 82.560248 82.561224 82.562223 82.563242 82.564279 82.565333 82.566401 82.567482 82.568574 82.569676 82.570785 82.571902 82.573024 82.574151 82.575281 82.576413 82.577547 82.578682 82.579816 82.580949 82.582081 82.583211 82.584337 82.585461 82.58658 82.587695 82.588805 82.58991 82.59101 82.592103 82.593191 82.594272 82.595346 82.596413 82.597474 82.598526 82.599572 82.600609 82.601639 82.602661 82.603675 82.604681 82.605679 82.606668 82.607649 82.608622 82.609587 82.610543 82.61149 82.61243 82.61336 82.614283 82.615197 82.616102 82.616999 82.617888 82.618769 82.619641
82.556658 82.557624 82.558617 82.559634 82.560672 82.56173 82.562806 82.563897 82.565001 82.566117 82.567244 82.568379 82.569522 82.57067 82.571823 82.57298 82.57414 82.575301 82.576463 82.577625 82.578785 82.579945 82.581101 82.582255 82.583406 82.584552 82.585694 82.586831 82.587962 82.589088 82.590207 82.59132 82.592427 82.593526 82.594618 82.595703 82.59678 82.597849 82.598911 82.599964 82.601009 82.602046 82.603074 82.604094 82.605105 82.606108 82.607102 82.608087 82.609064 82.610032 82.610991 82.611942 82.612883 82.613816 82.614741 82.615656 82.616563 82.617462 82.618351 82.619233
82.55493 82.555939 82.556975 82.558033 82.559112 82.56021 82.561324 82.562453 82.563594 82.564747 82.565908 82.567078 82.568253 82.569434 82.570619 82.571807 82.572996 82.574187 82.575377 82.576566 82.577754 82.578939 82.580121 82.581299 82.582474 82.583643 82.584808 82.585966 82.587119 82.588265 82.589405 82.590538 82.591663 82.592781 82.593892 82.594994 82.596088 82.597174 82.598251 82.59932 82.600381 82.601432 82.602475 82.603509 82.604534 82.60555 82.606557 82.607555 82.608544 82.609523 82.610494 82.611456 82.612409 82.613352 82.614287 82.615213 82.616129 82.617037 82.617937 82.618827
82.553189 82.554243 82.555322 82.556423 82.557543 82.558682 82.559836 82.561003 82.562182 82.563371 82.564568 82.565772 82.566981 82.568195 82.569412 82.570631 82.571851 82.57307 82.574289 82.575506 82.576721 82.577932 82.57914 82.580343 82.581542 82.582735 82.583922 82.585103 82.586277 82.587444 82.588604 82.589757 82.590901 82.592038 82.593166 82.594286 82.595398 82.5965 82.597594 82.598678 82.599754 82.600821 82.601878 82.602926 82.603964 82.604994 82.606014 82.607024 82.608025 82.609017 82.609999 82.610972 82.611936 82.61289 82.613835 82.614771 82.615698 82.616616 82.617524 82.618423
82.551436 82.552535 82.553658 82.554803 82.555966 82.557145 82.558339 82.559546 82.560763 82.561989 82.563223 82.564462 82.565706 82.566953 82.568202 82.569452 82.570703 82.571952 82.5732 82.574445 82.575687 82.576925 82.578159 82.579387 82.58061 82.581826 82.583036 82.58424 82.585436 82.586624 82.587805 82.588977 82.590141 82.591296 82.592443 82.59358 82.594709 82.595828 82.596938 82.598039 82.59913 82.600211 82.601283 82.602345 82.603397 82.60444 82.605473 82.606496 82.607509 82.608513 82.609507 82.610491 82.611466 82.612431 82.613386 82.614332 82.615269 82.616196 82.617114 82.618022
82.54967 82.550816 82.551985 82.553173 82.55438 82.555601 82.556836 82.558083 82.559339 82.560603 82.561873 82.563148 82.564427 82.565708 82.56699 82.568272 82.569553 82.570833 82.57211 82.573383 82.574653 82.575918 82.577177 82.578431 82.579678 82.580919 82.582152 82.583378 82.584595 82.585805 82.587006 82.588198 82.589382 82.590556 82.591721 82.592876 82.594022 82.595158 82.596285 82.597401 82.598507 82.599604 82.60069 82.601766 82.602832 82.603888 82.604934 82.60597 82.606996 82.608011 82.609017 82.610012 82.610998 82.611974 82.61294 82.613896 82.614842 82.615779 82.616706 82.617624
82.547893 82.549086 82.550301 82.551535 82.552785 82.55405 82.555326 82.556614 82.557909 82.559211 82.560519 82.56183 82.563144 82.564459 82.565775 82.567089 82.568402 82.569712 82.571019 82.572321 82.573618 82.57491 82.576196 82.577475 82.578747 82.580012 82.581268 82.582517 82.583757 82.584987 82.586209 82.587422 82.588625 82.589818 82.591001 82.592174 82.593338 82.59449 82.595633 82.596765 82.597887 82.598999 82.600099 82.60119 82.60227 82.603339 82.604398 82.605446 82.606484 82.607512 82.608529 82.609536 82.610533 82.611519 82.612496 82.613462 82.614418 82.615364 82.616301 82.617228
82.546104 82.547346 82.548608 82.549888 82.551183 82.552491 82.55381 82.555139 82.556474 82.557816 82.559161 82.560509 82.561859 82.563209 82.564558 82.565905 82.56725 82.568591 82.569927 82.571258 82.572584 82.573903 82.575215 82.57652 82.577817 82.579106 82.580386 82.581657 82.582919 82.584171 82.585414 82.586647 82.587869 82.589081 82.590283 82.591474 82.592655 82.593825 82.594984 82.596132 82.59727 82.598396 82.599512 82.600616 82.60171 82.602793 82.603865 82.604926 82.605976 82.607015 82.608044 82.609063 82.61007 82.611067 82.612054 82.61303 82.613997 82.614952 82.615898 82.616834
