layers_legit/relhum.tif
NCOLS 300
NROWS 300
XLLCORNER 108.422
YLLCORNER 2.17447
DX 0.11742
DY 0.06627
NODATA_VALUE -9999
[rows 182 to 207 of 300, columns 60 to 119 of 300]
82.991851 82.995169 82.99858 83.002087 83.005695 83.009407 83.013229 83.017164 83.021219 83.025399 83.029709 83.034155 83.038744 83.043483 83.048379 83.053439 83.058673 83.064088 83.069695 83.075504 83.081524 83.087769 83.094249 83.100979 83.107973 83.115246 83.122814 83.130697 83.138912 83.147481 83.156427 83.165773 83.175548 83.185779 83.196499 83.207743 83.219547 83.231954 83.245009 83.258762 83.273269 83.288591 83.304795 83.321958 83.340163 83.359503 83.380084 83.402022 83.425449 83.450513 83.47738 83.506236 83.537286 83.570757 83.606891 83.645936 83.688124 83.733631 83.7825 83.834511
82.99258 82.995925 82.999363 83.002899 83.006538 83.010282 83.014138 83.01811 83.022203 83.026423 83.030776 83.035267 83.039904 83.044694 83.049644 83.054763 83.060058 83.065539 83.071216 83.077099 83.0832 83.08953 83.096102 83.102931 83.110031 83.117419 83.125111 83.133127 83.141486 83.150212 83.159328 83.16886 83.178836 83.189288 83.20025 83.211758 83.223853 83.236581 83.249991 83.264137 83.279081 83.29489 83.31164 83.329415 83.348309 83.368429 83.389897 83.412847 83.437437 83.463844 83.492272 83.522954 83.55616 83.592195 83.631408 83.674187 83.720951 83.772122 83.828067 83.888984
82.993277 82.996647 83.000111 83.003675 83.007343 83.011118 83.015006 83.019012 83.023142 83.0274 83.031793 83.036327 83.04101 83.045848 83.050849 83.056022 83.061375 83.066918 83.072661 83.078615 83.084791 83.091202 83.097861 83.104783 83.111983 83.119478 83.127286 83.135428 83.143923 83.152796 83.162072 83.171777 83.181943 83.192601 83.203789 83.215544 83.227912 83.24094 83.254681 83.269194 83.284546 83.300809 83.318066 83.33641 83.355945 83.37679 83.399079 83.422967 83.448632 83.47628 83.506148 83.538514 83.573704 83.6121 83.65415 83.700373 83.751369 83.807801 83.870361 83.93967
82.993942 82.997335 83.000824 83.004415 83.008109 83.011914 83.015833 83.019871 83.024034 83.028328 83.032759 83.037334 83.042059 83.046943 83.051992 83.057216 83.062624 83.068225 83.07403 83.08005 83.086297 83.092783 83.099523 83.106532 83.113826 83.121421 83.129338 83.137596 83.146219 83.155229 83.164653 83.17452 83.184861 83.195712 83.207109 83.219095 83.231715 83.24502 83.259068 83.273921 83.289648 83.30633 83.324054 83.342921 83.363043 83.384551 83.407591 83.432335 83.458979 83.487753 83.518925 83.552813 83.589793 83.630313 83.674911 83.724228 83.779028 83.840203 83.908758 83.98574
82.994574 82.997989 83.001502 83.005117 83.008837 83.012669 83.016616 83.020685 83.02488 83.029208 83.033675 83.038287 83.043052 83.047978 83.053073 83.058344 83.063803 83.069458 83.075321 83.081402 83.087714 83.094271 83.101087 83.108176 83.115557 83.123246 83.131263 83.13963 83.148369 83.157506 83.167067 83.177083 83.187587 83.198614 83.210205 83.222401 83.235253 83.248813 83.263141 83.278303 83.294374 83.311436 83.329584 83.348925 83.369578 83.391684 83.4154 83.44091 83.468428 83.498203 83.530531 83.565761 83.604313 83.646692 83.693509 83.745512 83.80361 83.8689 83.94268 84.026405
82.995173 82.998609 83.002144 83.005781 83.009526 83.013383 83.017357 83.021454 83.025679 83.030038 83.034538 83.039185 83.043988 83.048953 83.054089 83.059405 83.064911 83.070616 83.076532 83.08267 83.089043 83.095665 83.10255 83.109714 83.117174 83.124949 83.133059 83.141525 83.150372 83.159624 83.169311 83.179464 83.190115 83.201303 83.213069 83.225457 83.238519 83.252309 83.26689 83.282331 83.29871 83.316113 83.334641 83.354403 83.375529 83.398163 83.422474 83.448656 83.476936 83.50758 83.540904 83.577283 83.61717 83.661114 83.709788 83.764022 83.824843 83.893522 83.971612 84.060946
82.995739 82.999194 83.002749 83.006408 83.010175 83.014056 83.018054 83.022177 83.026429 83.030818 83.035348 83.040028 83.044865 83.049866 83.055041 83.060398 83.065946 83.071698 83.077663 83.083853 83.090282 83.096963 83.103911 83.111143 83.118676 83.126529 83.134723 83.143279 83.152223 83.161581 83.171381 83.181656 83.192441 83.203774 83.215697 83.228257 83.241506 83.255501 83.270307 83.285995 83.302646 83.320349 83.339209 83.35934 83.380875 83.403966 83.428787 83.455542 83.484467 83.515841 83.549992 83.587315 83.628286 83.673484 83.723624 83.779594 83.842507 83.913765 83.995124 84.08874
82.996272 82.999745 83.003318 83.006997 83.010784 83.014686 83.018708 83.022855 83.027132 83.031547 83.036105 83.040815 83.045683 83.050717 83.055927 83.061321 83.066909 83.072702 83.078712 83.084949 83.091429 83.098163 83.105169 83.112463 83.120061 83.127984 83.136253 83.144891 83.153921 83.163373 83.173274 83.183659 83.194562 83.206022 83.218084 83.230795 83.244208 83.258383 83.273384 83.289286 83.306172 83.324133 83.343277 83.36372 83.385601 83.409074 83.43432 83.461546 83.490995 83.522952 83.557757 83.595811 83.637605 83.683732 83.734929 83.792114 83.856448 83.92941 84.012895 84.109298
82.99677 83.00026 83.00385 83.007547 83.011353 83.015275 83.019317 83.023486 83.027786 83.032225 83.036809 83.041545 83.046442 83.051506 83.056747 83.062175 83.067799 83.073629 83.079678 83.085959 83.092483 83.099266 83.106323 83.11367 83.121327 83.129313 83.137648 83.146357 83.155464 83.164998 83.174988 83.185467 83.196473 83.208045 83.220226 83.233067 83.246621 83.260948 83.276116 83.292198 83.309281 83.327457 83.346835 83.367535 83.389696 83.413475 83.439056 83.466649 83.496498 83.528893 83.564172 83.602742 83.645092 83.691818 83.743653 83.801519 83.86658 83.940336 84.024732 84.122296
82.997235 83.000739 83.004345 83.008058 83.011881 83.015821 83.019882 83.02407 83.028391 83.032851 83.037458 83.042219 83.04714 83.052231 83.057501 83.062958 83.068613 83.074477 83.080562 83.086879 83.093443 83.100268 83.10737 83.114765 83.122473 83.130513 83.138906 83.147676 83.156849 83.166454 83.176519 83.18708 83.198173 83.209838 83.22212 83.23507 83.24874 83.263193 83.278497 83.294726 83.311967 83.330314 83.349876 83.370775 83.39315 83.417159 83.442986 83.47084 83.500965 83.533648 83.569225 83.608095 83.650736 83.697729 83.749787 83.8078 83.872894 83.946524 84.030592 84.12762
82.997665 83.001183 83.004803 83.00853 83.012368 83.016324 83.020401 83.024607 83.028946 83.033426 83.038053 83.042835 83.047778 83.052893 83.058187 83.063671 83.069353 83.075246 83.081361 83.087711 83.094309 83.101171 83.108311 83.115747 83.123498 83.131583 83.140025 83.148847 83.158076 83.167739 83.177867 83.188495 83.199659 83.2114 83.223764 83.2368 83.250563 83.265115 83.280524 83.296866 83.314226 83.3327 83.352396 83.373436 83.395958 83.420121 83.446103 83.474114 83.504392 83.537218 83.572916 83.611872 83.654544 83.701482 83.753359 83.811003 83.875459 83.948068 84.030594 84.125393
82.998061 83.00159 83.005223 83.008962 83.012814 83.016784 83.020876 83.025097 83.029452 83.033948 83.038593 83.043393 83.048356 83.053491 83.058806 83.064312 83.070018 83.075935 83.082076 83.088454 83.095081 83.101972 83.109144 83.116614 83.1244 83.132523 83.141005 83.149869 83.159142 83.168852 83.17903 83.18971 83.20093 83.212729 83.225155 83.238256 83.252087 83.266711 83.282195 83.298614 83.316055 83.334612 83.354392 83.375516 83.39812 83.422358 83.448409 83.476473 83.506783 83.539607 83.575256 83.614093 83.656546 83.703124 83.754436 83.811225 83.874415 83.945173 84.025022 84.115998
82.998422 83.001962 83.005605 83.009355 83.013219 83.0172 83.021305 83.025539 83.029908 83.034418 83.039078 83.043893 83.048872 83.054024 83.059357 83.064881 83.070606 83.076544 83.082707 83.089106 83.095756 83.102672 83.109869 83.117366 83.12518 83.133333 83.141845 83.150742 83.160048 83.169793 83.180007 83.190725 83.201984 83.213825 83.226292 83.239436 83.253312 83.26798 83.283509 83.299972 83.317455 83.336051 83.355865 83.377015 83.399635 83.423876 83.449908 83.477925 83.508149 83.540834 83.576269 83.614792 83.656792 83.702723 83.753118 83.808614 83.869975 83.938145 84.01432 84.10007
82.998749 83.002297 83.005949 83.009709 83.013582 83.017573 83.021688 83.025933 83.030313 83.034835 83.039507 83.044335 83.049327 83.054492 83.05984 83.065378 83.071119 83.077073 83.083251 83.089668 83.096336 83.10327 83.110486 83.118003 83.125837 83.134011 83.142545 83.151463 83.160792 83.17056 83.180798 83.19154 83.202822 83.214686 83.227176 83.240342 83.254237 83.268923 83.284466 83.300939 83.318425 83.337017 83.356816 83.377938 83.400511 83.424681 83.45061 83.478483 83.508509 83.540922 83.575991 83.614018 83.655348 83.700373 83.749538 83.803354 83.862406 83.927374 83.999066 84.078472
82.999041 83.002596 83.006255 83.010023 83.013904 83.017903 83.022026 83.026279 83.030668 83.0352 83.039881 83.044718 83.049721 83.054896 83.060254 83.065803 83.071555 83.07752 83.083711 83.090139 83.096819 83.103766 83.110995 83.118524 83.126371 83.134557 83.143103 83.152034 83.161375 83.171154 83.181403 83.192154 83.203444 83.215313 83.227807 83.240972 83.254864 83.269541 83.285068 83.301517 83.31897 83.337515 83.357251 83.37829 83.400754 83.424783 83.450529 83.478165 83.507886 83.539905 83.574464 83.611828 83.652294 83.696184 83.74385 83.795666 83.852023 83.91332 83.97994 84.052237
82.999298 83.002858 83.006523 83.010297 83.014183 83.018189 83.022318 83.026578 83.030973 83.035511 83.040199 83.045043 83.050052 83.055235 83.0606 83.066156 83.071915 83.077887 83.084085 83.09052 83.097206 83.104159 83.111395 83.118929 83.126782 83.134972 83.143522 83.152455 83.161797 83.171576 83.181821 83.192567 83.203849 83.215708 83.228185 83.24133 83.255194 83.269835 83.285317 83.301711 83.319093 83.33755 83.357177 83.378081 83.400377 83.424196 83.449683 83.476996 83.506311 83.537822 83.57174 83.608293 83.647723 83.690283 83.736225 83.785788 83.839167 83.896476 83.957678 84.022489
82.99952 83.003084 83.006753 83.010531 83.014422 83.018431 83.022565 83.026828 83.031228 83.03577 83.040461 83.04531 83.050323 83.055509 83.060877 83.066437 83.072199 83.078173 83.084373 83.09081 83.097498 83.104451 83.111686 83.119219 83.127069 83.135255 83.1438 83.152726 83.162058 83.171825 83.182055 83.192782 83.204041 83.21587 83.228313 83.241416 83.255229 83.26981 83.285219 83.301524 83.3188 83.33713 83.356603 83.377321 83.399392 83.422939 83.448093 83.475001 83.503819 83.534718 83.567878 83.603487 83.641735 83.682802 83.726846 83.773971 83.824189 83.877346 83.933021 83.990354
82.999707 83.003274 83.006945 83.010725 83.014618 83.01863 83.022765 83.027031 83.031432 83.035975 83.040668 83.045518 83.050531 83.055718 83.061086 83.066645 83.072406 83.078379 83.084576 83.09101 83.097693 83.104641 83.111869 83.119394 83.127234 83.135409 83.143939 83.152847 83.16216 83.171902 83.182105 83.192799 83.204019 83.215803 83.228193 83.241234 83.254974 83.269469 83.284777 83.300963 83.318099 83.336263 83.355539 83.376023 83.397817 83.42103 83.445786 83.472213 83.50045 83.530643 83.562942 83.597493 83.634436 83.673882 83.715898 83.760467 83.807432 83.856413 83.906664 83.956864
82.999859 83.003427 83.007099 83.010879 83.014773 83.018785 83.02292 83.027185 83.031586 83.036128 83.04082 83.045667 83.050679 83.055862 83.061227 83.066782 83.072537 83.078504 83.084694 83.091119 83.097793 83.10473 83.111945 83.119455 83.127277 83.135432 83.143939 83.152821 83.162103 83.17181 83.181972 83.19262 83.203787 83.21551 83.227828 83.240787 83.254433 83.268817 83.283997 83.300035 83.316998 83.334959 83.353999 83.374204 83.395669 83.418494 83.442788 83.468666 83.496246 83.525651 83.556998 83.590396 83.625935 83.663663 83.703565 83.745516 83.789221 83.834116 83.879216 83.922886
82.999976 83.003544 83.007215 83.010994 83.014886 83.018896 83.023029 83.027292 83.031689 83.036228 83.040916 83.045759 83.050765 83.055942 83.0613 83.066847 83.072593 83.07855 83.084728 83.09114 83.097798 83.104718 83.111914 83.119402 83.1272 83.135326 83.143802 83.152648 83.161889 83.17155 83.18166 83.192248 83.203347 83.214992 83.227223 83.24008 83.25361 83.267861 83.282888 83.298749 83.315507 83.333231 83.351996 83.37188 83.392969 83.415354 83.43913 83.464396 83.491252 83.519795 83.550115 83.582282 83.616341 83.652282 83.69002 83.729342 83.769845 83.810834 83.851173 83.889069
83.000059 83.003624 83.007292 83.011069 83.014957 83.018964 83.023093 83.027351 83.031743 83.036276 83.040957 83.045792 83.05079 83.055958 83.061305 83.06684 83.072573 83.078515 83.084677 83.091071 83.097709 83.104606 83.111777 83.119236 83.127002 83.135093 83.143528 83.15233 83.16152 83.171125 83.18117 83.191686 83.202703 83.214255 83.22638 83.239118 83.252511 83.266607 83.281456 83.297114 83.313638 83.331092 83.349545 83.369068 83.389739 83.411636 83.434843 83.459443 83.485515 83.513135 83.542363 83.573238 83.605759 83.639871 83.675428 83.712148 83.749553 83.786871 83.822901 83.855834
83.000107 83.003668 83.007332 83.011104 83.014988 83.018988 83.023111 83.027362 83.031747 83.036271 83.040943 83.045768 83.050754 83.055909 83.061243 83.066763 83.072479 83.078402 83.084543 83.090914 83.097527 83.104396 83.111534 83.118959 83.126686 83.134734 83.143121 83.151868 83.160998 83.170536 83.180505 83.190936 83.201857 83.213302 83.225306 83.237906 83.251144 83.265063 83.279712 83.295139 83.311402 83.328556 83.346664 83.36579 83.386003 83.40737 83.429962 83.453846 83.479084 83.505728 83.533813 83.563347 83.594293 83.626554 83.659936 83.694111 83.728553 83.762461 83.794643 83.823387
83.00012 83.003676 83.007335 83.0111 83.014977 83.01897 83.023085 83.027326 83.031701 83.036215 83.040874 83.045686 83.050658 83.055798 83.061114 83.066615 83.072311 83.078211 83.084327 83.09067 83.097252 83.104087 83.111189 83.118572 83.126253 83.13425 83.142581 83.151266 83.160326 83.169786 83.179669 83.190002 83.200815 83.212139 83.224005 83.236451 83.249515 83.263237 83.277663 83.292838 83.308812 83.325637 83.34337 83.362066 83.381785 83.402584 83.42452 83.447646 83.472006 83.497632 83.524534 83.552693 83.58204 83.612445 83.643679 83.675382 83.70701 83.737768 83.766531 83.79176
83.000099 83.003648 83.007299 83.011057 83.014925 83.018908 83.023013 83.027244 83.031606 83.036107 83.040752 83.045548 83.050503 83.055624 83.060919 83.066398 83.072069 83.077942 83.084029 83.090339 83.096886 83.103682 83.11074 83.118076 83.125705 83.133644 83.14191 83.150524 83.159506 83.168878 83.178664 83.188889 83.199581 83.210769 83.222484 83.23476 83.247632 83.261139 83.27532 83.29022 83.305882 83.322353 83.339682 83.357918 83.377111 83.397307 83.418553 83.440885 83.464331 83.488904 83.514593 83.541353 83.569092 83.597649 83.626774 83.656089 83.685052 83.712903 83.738616 83.760863
83.000044 83.003585 83.007227 83.010975 83.014832 83.018805 83.022897 83.027114 83.031462 83.035947 83.040575 83.045353 83.050288 83.055387 83.060659 83.066111 83.071754 83.077597 83.083649 83.089923 83.096429 83.103181 83.110191 83.117473 83.125043 83.132917 83.141112 83.149647 83.158542 83.167817 83.177495 83.1876 83.198159 83.209199 83.220748 83.232838 83.245503 83.258776 83.272695 83.287298 83.302626 83.318719 83.335619 83.353368 83.372007 83.391572 83.412096 83.433604 83.456107 83.479602 83.504056 83.529405 83.555533 83.582262 83.609325 83.636339 83.662777 83.687932 83.710892 83.730541
82.999954 83.003486 83.007117 83.010854 83.014699 83.018658 83.022736 83.026939 83.03127 83.035737 83.040346 83.045102 83.050014 83.055089 83.060333 83.065757 83.071368 83.077176 83.083191 83.089423 83.095884 83.102586 83.109542 83.116765 83.12427 83.132072 83.140188 83.148637 83.157435 83.166604 83.176165 83.186141 83.196555 83.207434 83.218804 83.230695 83.243136 83.25616 83.269798 83.284087 83.29906 83.314753 83.331202 83.34844 83.366499 83.385407 83.405185 83.425844 83.447383 83.469779 83.492985 83.516917 83.541444 83.566372 83.591424 83.616221 83.64026 83.662893 83.683321 83.700621
