layers_legit/relhum.tif
NCOLS 300
NROWS 300
XLLCORNER 108.422
YLLCORNER 2.17447
DX 0.11742
DY 0.06627
NODATA_VALUE -9999
[rows 156 to 181 of 300, columns 180 to 239 of 300]
82.450361 82.455201 82.459895 82.464449 82.468871 82.473165 82.477339 82.481396 82.485341 82.48918 82.492916 82.496554 82.500097 82.503549 82.506914 82.510194 82.513393 82.516514 82.519559 82.522532 82.525434 82.528268 82.531037 82.533742 82.536385 82.53897 82.541496 82.543968 82.546385 82.54875 82.551065 82.553331 82.555549 82.557721 82.559848 82.561932 82.563974 82.565975 82.567936 82.569859 82.571744 82.573592 82.575405 82.577184 82.578929 82.580642 82.582322 82.583972 82.585592 82.587182 82.588744 82.590278 82.591785 82.593265 82.59472 82.596149 82.597555 82.598936 82.600294 82.601629
82.448989 82.453892 82.458646 82.463257 82.467732 82.472078 82.476299 82.480401 82.48439 82.488269 82.492044 82.495719 82.499297 82.502782 82.506178 82.509488 82.512716 82.515864 82.518935 82.521932 82.524858 82.527714 82.530504 82.53323 82.535893 82.538496 82.54104 82.543529 82.545962 82.548343 82.550673 82.552953 82.555185 82.55737 82.55951 82.561606 82.563659 82.565671 82.567643 82.569576 82.57147 82.573328 82.57515 82.576938 82.578691 82.580412 82.5821 82.583757 82.585384 82.586981 82.588549 82.59009 82.591603 82.593089 82.594549 82.595984 82.597395 82.598781 82.600144 82.601484
82.447653 82.452618 82.457431 82.462097 82.466625 82.471019 82.475287 82.479434 82.483465 82.487384 82.491197 82.494907 82.498519 82.502037 82.505464 82.508803 82.512059 82.515233 82.51833 82.521351 82.524299 82.527178 82.529989 82.532734 82.535416 82.538037 82.540599 82.543104 82.545554 82.54795 82.550294 82.552588 82.554833 82.557031 82.559183 82.561291 82.563355 82.565378 82.56736 82.569303 82.571207 82.573074 82.574905 82.576701 82.578462 82.580191 82.581886 82.583551 82.585184 82.586788 82.588363 82.589909 82.591428 82.59292 82.594386 82.595826 82.597242 82.598633 82.600001 82.601345
82.446353 82.451379 82.456249 82.46097 82.465548 82.469991 82.474305 82.478495 82.482566 82.486525 82.490374 82.49412 82.497765 82.501314 82.504771 82.508139 82.511422 82.514622 82.517744 82.520788 82.523759 82.526659 82.52949 82.532255 82.534956 82.537595 82.540174 82.542695 82.54516 82.547571 82.549929 82.552236 82.554494 82.556705 82.558869 82.560988 82.563063 82.565096 82.567089 82.569041 82.570954 82.57283 82.57467 82.576473 82.578243 82.579979 82.581682 82.583353 82.584993 82.586603 82.588184 82.589737 82.591261 82.592759 82.59423 82.595676 82.597096 82.598492 82.599864 82.601213
82.445091 82.450176 82.455102 82.459875 82.464504 82.468994 82.473352 82.477584 82.481696 82.485692 82.489577 82.493357 82.497035 82.500615 82.504101 82.507497 82.510806 82.514032 82.517177 82.520245 82.523237 82.526158 82.529009 82.531793 82.534512 82.537168 82.539763 82.5423 82.54478 82.547205 82.549577 82.551898 82.554169 82.556391 82.558567 82.560697 82.562783 82.564826 82.566828 82.568789 82.570712 82.572596 82.574444 82.576256 82.578033 82.579776 82.581486 82.583164 82.584811 82.586427 82.588014 82.589572 82.591102 82.592605 82.594081 82.595532 82.596957 82.598358 82.599734 82.601087
82.443867 82.44901 82.45399 82.458815 82.463492 82.468028 82.472429 82.476703 82.480853 82.484886 82.488807 82.49262 82.496329 82.499939 82.503454 82.506877 82.510212 82.513462 82.516631 82.51972 82.522734 82.525675 82.528546 82.531348 82.534084 82.536757 82.539368 82.541921 82.544415 82.546854 82.54924 82.551573 82.553856 82.55609 82.558277 82.560418 82.562514 82.564567 82.566578 82.568549 82.57048 82.572373 82.574228 82.576048 82.577832 82.579582 82.581299 82.582983 82.584636 82.586259 82.587852 82.589415 82.590951 82.592459 82.59394 82.595395 82.596825 82.59823 82.599611 82.600968
82.442683 82.447882 82.452914 82.457789 82.462513 82.467094 82.471537 82.475851 82.480039 82.484108 82.488063 82.491908 82.495648 82.499287 82.50283 82.506279 82.509639 82.512913 82.516104 82.519216 82.52225 82.525211 82.5281 82.53092 82.533673 82.536362 82.538989 82.541556 82.544065 82.546518 82.548916 82.551262 82.553557 82.555802 82.557999 82.560151 82.562257 82.56432 82.56634 82.568319 82.570259 82.57216 82.574023 82.57585 82.577641 82.579398 82.581121 82.582812 82.584471 82.586099 82.587698 82.589267 82.590807 82.59232 82.593806 82.595266 82.5967 82.598109 82.599494 82.600855
82.441539 82.446792 82.451876 82.456799 82.461568 82.466192 82.470677 82.475029 82.479254 82.483358 82.487346 82.491222 82.494992 82.49866 82.502229 82.505704 82.509088 82.512386 82.515599 82.518731 82.521786 82.524765 82.527672 82.53051 82.53328 82.535985 82.538626 82.541208 82.54373 82.546196 82.548607 82.550964 82.553271 82.555527 82.557735 82.559896 82.562012 82.564084 82.566113 82.568101 82.570048 82.571957 82.573827 82.575661 82.577459 82.579223 82.580953 82.582649 82.584314 82.585948 82.587552 82.589126 82.590671 82.592189 82.59368 82.595144 82.596582 82.597996 82.599384 82.600749
82.440435 82.445741 82.450874 82.455844 82.460658 82.465324 82.469848 82.474238 82.478499 82.482636 82.486656 82.490563 82.494362 82.498057 82.501652 82.505152 82.50856 82.51188 82.515114 82.518267 82.521341 82.524339 82.527263 82.530117 82.532903 82.535623 82.53828 82.540875 82.543411 82.545889 82.548312 82.550681 82.552998 82.555265 82.557483 82.559654 82.561779 82.56386 82.565897 82.567893 82.569848 82.571764 82.573642 82.575483 82.577288 82.579057 82.580793 82.582496 82.584166 82.585805 82.587414 82.588993 82.590544 82.592066 82.593561 82.595029 82.596472 82.597889 82.599282 82.60065
82.439374 82.44473 82.449911 82.454926 82.459783 82.464489 82.469052 82.473478 82.477773 82.481943 82.485994 82.489931 82.493757 82.497479 82.5011 82.504623 82.508054 82.511395 82.51465 82.517823 82.520915 82.523931 82.526873 82.529743 82.532544 82.535279 82.537949 82.540558 82.543106 82.545597 82.548031 82.550412 82.552739 82.555016 82.557244 82.559424 82.561558 82.563647 82.565693 82.567697 82.56966 82.571583 82.573467 82.575315 82.577126 82.578902 82.580643 82.582351 82.584027 82.585671 82.587285 82.588869 82.590424 82.59195 82.59345 82.594922 82.596368 82.597789 82.599185 82.600558
82.438355 82.44376 82.448987 82.454045 82.458944 82.463689 82.468289 82.47275 82.477078 82.48128 82.485361 82.489326 82.493179 82.496926 82.500571 82.504118 82.507571 82.510933 82.514208 82.5174 82.52051 82.523543 82.526501 82.529387 82.532203 82.534952 82.537636 82.540257 82.542818 82.54532 82.547766 82.550157 82.552495 82.554781 82.557018 82.559207 82.56135 82.563447 82.565501 82.567512 82.569482 82.571412 82.573303 82.575157 82.576974 82.578755 82.580502 82.582216 82.583897 82.585546 82.587164 82.588753 82.590312 82.591843 82.593346 82.594822 82.596272 82.597697 82.599096 82.600472
82.437378 82.44283 82.448102 82.453202 82.45814 82.462923 82.467559 82.472054 82.476414 82.480646 82.484756 82.488748 82.492628 82.4964 82.500068 82.503637 82.507111 82.510494 82.513788 82.516997 82.520125 82.523174 82.526148 82.529049 82.531879 82.534642 82.537339 82.539972 82.542545 82.545058 82.547515 82.549916 82.552264 82.55456 82.556806 82.559003 82.561154 82.563259 82.56532 82.567338 82.569315 82.571252 82.573149 82.575009 82.576832 82.578619 82.580371 82.58209 82.583775 82.585429 82.587052 82.588645 82.590208 82.591743 82.59325 82.59473 82.596183 82.597611 82.599014 82.600393
82.436446 82.441942 82.447257 82.452398 82.457374 82.462193 82.466863 82.47139 82.475781 82.480043 82.48418 82.488199 82.492103 82.495899 82.49959 82.503181 82.506675 82.510077 82.513389 82.516616 82.519761 82.522826 82.525815 82.52873 82.531574 82.534349 82.537058 82.539704 82.542288 82.544812 82.547279 82.54969 82.552047 82.554352 82.556606 82.558812 82.560971 82.563083 82.565151 82.567176 82.56916 82.571103 82.573006 82.574871 82.5767 82.578492 82.580249 82.581973 82.583663 82.585321 82.586948 82.588545 82.590113 82.591651 82.593162 82.594645 82.596102 82.597533 82.598939 82.60032
82.435557 82.441097 82.446452 82.451631 82.456644 82.461498 82.466201 82.470759 82.47518 82.47947 82.483634 82.487678 82.491606 82.495425 82.499137 82.502749 82.506262 82.509682 82.513013 82.516256 82.519417 82.522497 82.5255 82.528429 82.531286 82.534074 82.536795 82.539452 82.542047 82.544581 82.547058 82.549478 82.551844 82.554158 82.556421 82.558634 82.5608 82.562919 82.564994 82.567026 82.569015 82.570964 82.572873 82.574744 82.576578 82.578375 82.580137 82.581865 82.58356 82.585222 82.586853 82.588454 82.590025 82.591567 82.593081 82.594568 82.596028 82.597462 82.598871 82.600255
82.434712 82.440294 82.445688 82.450904 82.455952 82.460839 82.465573 82.470162 82.474611 82.478928 82.483117 82.487185 82.491137 82.494977 82.498711 82.502341 82.505874 82.509312 82.512659 82.515918 82.519094 82.522189 82.525206 82.528148 82.531017 82.533817 82.53655 82.539217 82.541822 82.544366 82.546852 82.549281 82.551656 82.553978 82.556248 82.558469 82.560642 82.562768 82.56485 82.566887 82.568883 82.570837 82.572751 82.574627 82.576466 82.578268 82.580034 82.581767 82.583466 82.585132 82.586767 82.588371 82.589946 82.591491 82.593008 82.594498 82.595961 82.597398 82.59881 82.600196
82.433913 82.439534 82.444965 82.450217 82.455298 82.460217 82.464981 82.469598 82.474075 82.478417 82.482631 82.486722 82.490696 82.494557 82.49831 82.501959 82.505509 82.508964 82.512327 82.515602 82.518792 82.521901 82.524931 82.527885 82.530767 82.533578 82.536321 82.538999 82.541614 82.544167 82.546662 82.5491 82.551482 82.553811 82.556089 82.558317 82.560497 82.562629 82.564717 82.56676 82.568761 82.570721 82.57264 82.574521 82.576364 82.578171 82.579941 82.581678 82.583381 82.585051 82.586689 82.588297 82.589875 82.591423 82.592944 82.594436 82.595902 82.597342 82.598756 82.600145
82.433159 82.438817 82.444284 82.449569 82.454682 82.459632 82.464425 82.469069 82.473571 82.477938 82.482175 82.486288 82.490282 82.494163 82.497935 82.501602 82.50517 82.50864 82.512019 82.515308 82.518512 82.521634 82.524676 82.527643 82.530535 82.533357 82.53611 82.538798 82.541422 82.543984 82.546487 82.548933 82.551323 82.553659 82.555944 82.558178 82.560364 82.562503 82.564596 82.566645 82.568651 82.570616 82.57254 82.574425 82.576273 82.578083 82.579858 82.581598 82.583305 82.584979 82.58662 82.588231 82.589812 82.591364 82.592887 82.594382 82.59585 82.597292 82.598709 82.6001
82.432451 82.438144 82.443645 82.448962 82.454105 82.459083 82.463904 82.468574 82.4731 82.47749 82.481749 82.485883 82.489898 82.493797 82.497587 82.501271 82.504854 82.50834 82.511733 82.515036 82.518253 82.521387 82.524442 82.527419 82.530322 82.533154 82.535917 82.538614 82.541246 82.543817 82.546328 82.548781 82.551178 82.553522 82.555813 82.558053 82.560245 82.562389 82.564488 82.566542 82.568553 82.570522 82.572451 82.57434 82.576192 82.578006 82.579785 82.581529 82.583238 82.584915 82.58656 82.588174 82.589758 82.591312 82.592838 82.594335 82.595806 82.59725 82.598669 82.600063
82.431789 82.437516 82.443048 82.448395 82.453567 82.458573 82.463419 82.468113 82.472663 82.477075 82.481355 82.485509 82.489542 82.493459 82.497266 82.500966 82.504564 82.508065 82.511471 82.514787 82.518016 82.521162 82.524227 82.527215 82.530128 82.53297 82.535742 82.538447 82.541088 82.543666 82.546184 82.548644 82.551048 82.553398 82.555695 82.557941 82.560139 82.562288 82.564392 82.566451 82.568466 82.57044 82.572373 82.574266 82.576121 82.577939 82.579721 82.581468 82.583181 82.584861 82.586509 82.588125 82.589712 82.591268 82.592796 82.594296 82.595769 82.597216 82.598636 82.600032
82.431173 82.436932 82.442494 82.44787 82.453069 82.4581 82.46297 82.467688 82.47226 82.476692 82.480992 82.485164 82.489215 82.493149 82.496971 82.500687 82.504299 82.507813 82.511232 82.514561 82.517801 82.520958 82.524033 82.527031 82.529954 82.532804 82.535584 82.538298 82.540946 82.543531 82.546056 82.548523 82.550933 82.553289 82.555592 82.557843 82.560046 82.5622 82.564308 82.566371 82.568391 82.570369 82.572305 82.574202 82.576061 82.577882 82.579668 82.581417 82.583133 82.584816 82.586466 82.588085 82.589674 82.591233 82.592763 82.594265 82.59574 82.597189 82.598611 82.600008
82.430604 82.436392 82.441983 82.447385 82.45261 82.457665 82.462558 82.467298 82.47189 82.476342 82.48066 82.48485 82.488917 82.492867 82.496704 82.500433 82.504059 82.507586 82.511017 82.514357 82.517608 82.520775 82.52386 82.526867 82.529798 82.532657 82.535445 82.538166 82.540821 82.543413 82.545945 82.548417 82.550833 82.553194 82.555502 82.557759 82.559966 82.562124 82.564237 82.566304 82.568328 82.570309 82.572249 82.57415 82.576011 82.577836 82.579624 82.581376 82.583095 82.58478 82.586433 82.588054 82.589645 82.591206 82.592738 82.594242 82.595719 82.597169 82.598593 82.599992
82.430082 82.435898 82.441515 82.446943 82.452191 82.457269 82.462183 82.466943 82.471555 82.476025 82.48036 82.484566 82.488649 82.492613 82.496464 82.500207 82.503845 82.507383 82.510826 82.514176 82.517437 82.520613 82.523708 82.526723 82.529662 82.532528 82.535324 82.538051 82.540713 82.543311 82.545849 82.548327 82.550748 82.553114 82.555427 82.557688 82.559899 82.562062 82.564178 82.566249 82.568276 82.570261 82.572204 82.574107 82.575972 82.577799 82.57959 82.581345 82.583066 82.584753 82.586408 82.588031 82.589624 82.591187 82.592721 82.594227 82.595705 82.597156 82.598582 82.599982
82.429607 82.435449 82.44109 82.446542 82.451812 82.456911 82.461846 82.466624 82.471254 82.475741 82.480092 82.484314 82.488411 82.492388 82.496252 82.500007 82.503657 82.507206 82.510658 82.514018 82.517289 82.520474 82.523576 82.526599 82.529546 82.532419 82.535221 82.537954 82.540622 82.543226 82.545769 82.548252 82.550678 82.553048 82.555365 82.557631 82.559846 82.562012 82.564132 82.566206 82.568236 82.570224 82.57217 82.574076 82.575944 82.577773 82.579566 82.581323 82.583046 82.584736 82.586392 82.588017 82.589612 82.591176 82.592712 82.594219 82.595699 82.597152 82.598578 82.59998
82.42918 82.435045 82.44071 82.446183 82.451474 82.456592 82.461545 82.466341 82.470987 82.47549 82.479856 82.484092 82.488202 82.492192 82.496068 82.499834 82.503494 82.507053 82.510515 82.513883 82.517162 82.520355 82.523465 82.526495 82.529449 82.532328 82.535136 82.537875 82.540548 82.543158 82.545705 82.548193 82.550623 82.552998 82.555318 82.557587 82.559806 82.561976 82.564098 82.566176 82.568209 82.570199 82.572148 82.574056 82.575925 82.577757 82.579552 82.581311 82.583036 82.584727 82.586386 82.588012 82.589608 82.591174 82.592711 82.594219 82.5957 82.597154 82.598582 82.599984
82.4288 82.434687 82.440373 82.445866 82.451176 82.456312 82.461282 82.466095 82.470756 82.475273 82.479653 82.483901 82.488023 82.492025 82.495911 82.499687 82.503357 82.506925 82.510396 82.513772 82.517059 82.520259 82.523376 82.526412 82.529371 82.532256 82.53507 82.537814 82.540492 82.543106 82.545657 82.548149 82.550583 82.552961 82.555286 82.557558 82.559779 82.561952 82.564078 82.566157 82.568193 82.570185 82.572136 82.574047 82.575918 82.577752 82.579548 82.581309 82.583035 82.584728 82.586388 82.588016 82.589613 82.59118 82.592718 82.594227 82.595709 82.597164 82.598593 82.599996
82.428467 82.434375 82.44008 82.445591 82.450919 82.456072 82.461058 82.465884 82.47056 82.47509 82.479482 82.483742 82.487875 82.491887 82.495783 82.499568 82.503247 82.506823 82.510301 82.513685 82.516978 82.520184 82.523307 82.526349 82.529314 82.532204 82.535022 82.537771 82.540453 82.543071 82.545626 82.548121 82.550559 82.55294 82.555267 82.557542 82.559766 82.561942 82.564069 82.566151 82.568189 82.570183 82.572136 82.574048 82.575921 82.577756 82.579555 82.581317 82.583044 82.584738 82.586399 82.588028 82.589626 82.591194 82.592733 82.594243 82.595726 82.597182 82.598611 82.600015
