layers_legit/relhum.tif
NCOLS 300
NROWS 300
XLLCORNER 108.422
YLLCORNER 2.17447
DX 0.11742
DY 0.06627
NODATA_VALUE -9999
[rows 52 to 77 of 300, columns 0 to 59 of 300]
82.837058 82.83723 82.837399 82.837563 82.837724 82.83788 82.838032 82.83818 82.838322 82.83846 82.838592 82.838718 82.838839 82.838954 82.839063 82.839166 82.839261 82.83935 82.839431 82.839504 82.83957 82.839627 82.839676 82.839716 82.839746 82.839767 82.839778 82.839779 82.839768 82.839747 82.839714 82.839669 82.839612 82.839541 82.839457 82.83936 82.839248 82.839121 82.838979 82.83882 82.838646 82.838454 82.838245 82.838017 82.837771 82.837505 82.837219 82.836913 82.836585 82.836235 82.835863 82.835467 82.835046 82.834601 82.834131 82.833634 82.83311 82.832558 82.831977 82.831367
82.837472 82.83765 82.837824 82.837994 82.838161 82.838323 82.838481 82.838634 82.838783 82.838926 82.839065 82.839198 82.839325 82.839446 82.839562 82.83967 82.839773 82.839868 82.839956 82.840036 82.840108 82.840173 82.840228 82.840275 82.840313 82.840341 82.840359 82.840367 82.840364 82.84035 82.840325 82.840287 82.840237 82.840174 82.840098 82.840008 82.839904 82.839785 82.83965 82.839499 82.839332 82.839148 82.838947 82.838727 82.838488 82.83823 82.837951 82.837652 82.837331 82.836989 82.836623 82.836234 82.835821 82.835382 82.834918 82.834427 82.833909 82.833363 82.832788 82.832183
82.837888 82.838071 82.838251 82.838427 82.838599 82.838767 82.838931 82.83909 82.839245 82.839394 82.839539 82.839678 82.839812 82.83994 82.840062 82.840177 82.840286 82.840388 82.840483 82.84057 82.840649 82.840721 82.840784 82.840838 82.840883 82.840918 82.840944 82.840959 82.840964 82.840957 82.840939 82.840909 82.840867 82.840812 82.840743 82.840661 82.840564 82.840453 82.840326 82.840183 82.840024 82.839848 82.839654 82.839442 82.839211 82.83896 82.838689 82.838398 82.838084 82.837749 82.837391 82.837009 82.836602 82.836171 82.835713 82.835229 82.834717 82.834177 82.833608 82.833009
82.838304 82.838493 82.838678 82.83886 82.839038 82.839212 82.839382 82.839547 82.839708 82.839864 82.840015 82.840161 82.840301 82.840435 82.840564 82.840686 82.840801 82.84091 82.841012 82.841106 82.841193 82.841271 82.841341 82.841403 82.841455 82.841498 82.841531 82.841554 82.841566 82.841567 82.841557 82.841535 82.8415 82.841453 82.841392 82.841318 82.841229 82.841126 82.841007 82.840872 82.840721 82.840553 82.840367 82.840162 82.839939 82.839696 82.839433 82.839149 82.838844 82.838516 82.838165 82.837791 82.837391 82.836967 82.836516 82.836039 82.835534 82.835 82.834437 82.833844
82.838721 82.838916 82.839107 82.839295 82.839478 82.839658 82.839834 82.840006 82.840173 82.840335 82.840492 82.840644 82.840791 82.840932 82.841067 82.841196 82.841319 82.841434 82.841543 82.841644 82.841738 82.841824 82.841901 82.84197 82.84203 82.84208 82.842121 82.842152 82.842171 82.84218 82.842178 82.842164 82.842137 82.842098 82.842045 82.841979 82.841899 82.841803 82.841692 82.841566 82.841423 82.841262 82.841085 82.840888 82.840673 82.840439 82.840184 82.839908 82.83961 82.83929 82.838947 82.83858 82.838188 82.837771 82.837328 82.836857 82.836359 82.835832 82.835275 82.834688
82.839139 82.83934 82.839537 82.83973 82.83992 82.840106 82.840288 82.840465 82.840639 82.840807 82.840971 82.84113 82.841283 82.841431 82.841573 82.841708 82.841838 82.841961 82.842077 82.842185 82.842286 82.842379 82.842464 82.84254 82.842608 82.842666 82.842714 82.842752 82.84278 82.842797 82.842803 82.842797 82.842778 82.842747 82.842703 82.842644 82.842572 82.842485 82.842383 82.842264 82.842129 82.841978 82.841808 82.84162 82.841413 82.841187 82.84094 82.840672 82.840383 82.840071 82.839735 82.839376 82.838992 82.838583 82.838147 82.837684 82.837192 82.836672 82.836122 82.835541
82.839558 82.839764 82.839967 82.840166 82.840362 82.840554 82.840742 82.840926 82.841106 82.841281 82.841451 82.841617 82.841777 82.841931 82.84208 82.842223 82.842359 82.842489 82.842612 82.842728 82.842836 82.842937 82.843029 82.843113 82.843188 82.843254 82.84331 82.843356 82.843392 82.843417 82.843431 82.843433 82.843423 82.8434 82.843364 82.843314 82.84325 82.843171 82.843077 82.842967 82.842841 82.842698 82.842537 82.842357 82.842159 82.841941 82.841703 82.841443 82.841162 82.840858 82.840531 82.84018 82.839804 82.839402 82.838974 82.838518 82.838034 82.837521 82.836978 82.836404
82.839978 82.84019 82.840398 82.840604 82.840806 82.841004 82.841198 82.841388 82.841574 82.841756 82.841933 82.842105 82.842272 82.842433 82.842589 82.842738 82.842882 82.843019 82.843149 82.843273 82.843389 82.843497 82.843597 82.843688 82.843771 82.843845 82.843909 82.843963 82.844007 82.84404 82.844062 82.844073 82.844071 82.844056 82.844029 82.843987 82.843932 82.843862 82.843777 82.843676 82.843558 82.843423 82.843271 82.8431 82.842911 82.842701 82.842472 82.842221 82.841948 82.841653 82.841334 82.840991 82.840623 82.840229 82.839809 82.839361 82.838885 82.838379 82.837843 82.837276
82.840399 82.840616 82.840831 82.841042 82.84125 82.841454 82.841655 82.841852 82.842044 82.842232 82.842416 82.842594 82.842768 82.842936 82.843099 82.843256 82.843407 82.843551 82.843689 82.84382 82.843943 82.844059 82.844167 82.844266 82.844357 82.844439 82.844511 82.844573 82.844625 82.844667 82.844697 82.844716 82.844723 82.844717 82.844698 82.844665 82.844619 82.844557 82.844481 82.844388 82.84428 82.844154 82.844011 82.843849 82.843668 82.843468 82.843247 82.843005 82.842741 82.842454 82.842144 82.84181 82.84145 82.841065 82.840653 82.840213 82.839744 82.839246 82.838718 82.838158
82.84082 82.841043 82.841264 82.841481 82.841695 82.841906 82.842113 82.842316 82.842515 82.84271 82.8429 82.843086 82.843266 82.843441 82.843611 82.843775 82.843933 82.844085 82.84423 82.844369 82.8445 82.844623 82.844739 82.844846 82.844945 82.845035 82.845115 82.845186 82.845247 82.845296 82.845335 82.845363 82.845378 82.845381 82.845371 82.845347 82.845309 82.845257 82.845189 82.845106 82.845007 82.84489 82.844755 82.844603 82.844431 82.84424 82.844028 82.843795 82.84354 82.843262 82.842961 82.842635 82.842285 82.841908 82.841504 82.841072 82.840612 82.840122 82.839601 82.839049
82.841242 82.841471 82.841698 82.841921 82.842142 82.842359 82.842572 82.842782 82.842987 82.843189 82.843386 82.843578 82.843766 82.843948 82.844125 82.844296 82.844462 82.844621 82.844774 82.84492 82.845059 82.84519 82.845314 82.845429 82.845536 82.845634 82.845723 82.845802 82.845871 82.845929 82.845977 82.846013 82.846037 82.846049 82.846048 82.846033 82.846004 82.845961 82.845903 82.845829 82.845738 82.845631 82.845506 82.845362 82.8452 82.845018 82.844815 82.844592 82.844346 82.844077 82.843785 82.843469 82.843127 82.842759 82.842364 82.841941 82.841489 82.841007 82.840494 82.83995
82.841664 82.8419 82.842132 82.842362 82.842589 82.842812 82.843032 82.843248 82.84346 82.843669 82.843873 82.844072 82.844266 82.844456 82.84464 82.844819 82.844992 82.845159 82.845319 82.845473 82.84562 82.845759 82.84589 82.846014 82.846129 82.846236 82.846333 82.846421 82.846498 82.846565 82.846622 82.846667 82.8467 82.84672 82.846728 82.846723 82.846703 82.84667 82.846621 82.846556 82.846475 82.846377 82.846261 82.846128 82.845975 82.845802 82.845609 82.845395 82.845159 82.844899 82.844617 82.844309 82.843977 82.843618 82.843232 82.842818 82.842374 82.841901 82.841397 82.84086
82.842088 82.842329 82.842568 82.842804 82.843037 82.843267 82.843493 82.843716 82.843935 82.84415 82.844361 82.844567 82.844769 82.844965 82.845157 82.845343 82.845524 82.845698 82.845866 82.846028 82.846182 82.84633 82.84647 82.846602 82.846725 82.84684 82.846946 82.847042 82.847128 82.847204 82.84727 82.847324 82.847366 82.847396 82.847413 82.847417 82.847407 82.847382 82.847343 82.847288 82.847217 82.847128 82.847022 82.846898 82.846755 82.846592 82.846409 82.846205 82.845978 82.845729 82.845455 82.845158 82.844835 82.844485 82.844108 82.843703 82.843269 82.842804 82.842309 82.841781
82.842512 82.842759 82.843004 82.843246 82.843486 82.843722 82.843955 82.844184 82.84441 82.844632 82.84485 82.845063 82.845272 82.845476 82.845675 82.845869 82.846057 82.846239 82.846415 82.846585 82.846748 82.846903 82.847051 82.847191 82.847323 82.847447 82.847561 82.847666 82.847762 82.847847 82.847921 82.847984 82.848036 82.848075 82.848101 82.848115 82.848114 82.8481 82.84807 82.848025 82.847963 82.847885 82.847789 82.847675 82.847541 82.847389 82.847215 82.847021 82.846804 82.846565 82.846301 82.846013 82.8457 82.84536 82.844993 82.844597 82.844172 82.843717 82.84323 82.842711
82.842936 82.84319 82.843441 82.84369 82.843935 82.844178 82.844418 82.844654 82.844887 82.845115 82.84534 82.845561 82.845777 82.845989 82.846195 82.846396 82.846592 82.846782 82.846966 82.847144 82.847315 82.847478 82.847635 82.847784 82.847924 82.848056 82.84818 82.848294 82.848398 82.848492 82.848576 82.848648 82.848709 82.848758 82.848794 82.848817 82.848826 82.848821 82.848801 82.848766 82.848714 82.848646 82.84856 82.848456 82.848333 82.848191 82.848028 82.847843 82.847637 82.847407 82.847154 82.846877 82.846573 82.846243 82.845886 82.8455 82.845085 82.844639 82.844161 82.843651
82.843361 82.843621 82.843879 82.844134 82.844386 82.844635 82.844881 82.845124 82.845364 82.8456 82.845832 82.84606 82.846283 82.846502 82.846716 82.846925 82.847129 82.847327 82.847519 82.847704 82.847883 82.848056 82.848221 82.848378 82.848527 82.848668 82.8488 82.848923 82.849037 82.84914 82.849233 82.849315 82.849385 82.849444 82.84949 82.849523 82.849542 82.849547 82.849537 82.849512 82.849471 82.849413 82.849337 82.849244 82.849131 82.848999 82.848846 82.848672 82.848476 82.848257 82.848015 82.847747 82.847454 82.847134 82.846787 82.846411 82.846006 82.84557 82.845102 82.844601
82.843787 82.844053 82.844317 82.844578 82.844837 82.845093 82.845346 82.845596 82.845842 82.846085 82.846324 82.84656 82.846791 82.847017 82.847239 82.847456 82.847667 82.847873 82.848073 82.848267 82.848454 82.848635 82.848809 82.848975 82.849133 82.849283 82.849424 82.849556 82.849679 82.849792 82.849894 82.849985 82.850066 82.850134 82.85019 82.850233 82.850262 82.850277 82.850278 82.850263 82.850232 82.850184 82.850119 82.850036 82.849934 82.849813 82.849671 82.849508 82.849322 82.849114 82.848882 82.848625 82.848343 82.848034 82.847697 82.847331 82.846936 82.84651 82.846052 82.845561
82.844213 82.844485 82.844755 82.845023 82.845289 82.845551 82.845811 82.846068 82.846322 82.846572 82.846818 82.847061 82.847299 82.847533 82.847763 82.847987 82.848207 82.848421 82.848629 82.848831 82.849027 82.849216 82.849399 82.849573 82.84974 82.849899 82.85005 82.850191 82.850323 82.850446 82.850558 82.850659 82.850749 82.850827 82.850893 82.850946 82.850986 82.851012 82.851022 82.851018 82.850998 82.850961 82.850907 82.850835 82.850744 82.850633 82.850502 82.85035 82.850175 82.849978 82.849757 82.849511 82.849239 82.848941 82.848615 82.84826 82.847875 82.84746 82.847012 82.846531
82.844639 82.844918 82.845195 82.845469 82.845741 82.846011 82.846277 82.846541 82.846802 82.847059 82.847313 82.847563 82.847809 82.848051 82.848288 82.84852 82.848748 82.84897 82.849187 82.849397 82.849602 82.8498 82.849991 82.850174 82.850351 82.850519 82.850678 82.850829 82.850971 82.851103 82.851225 82.851336 82.851436 82.851524 82.8516 82.851664 82.851714 82.85175 82.851772 82.851778 82.851769 82.851743 82.851699 82.851638 82.851558 82.851459 82.851339 82.851198 82.851035 82.850849 82.850639 82.850404 82.850144 82.849857 82.849542 82.849198 82.848824 82.848419 82.847982 82.847511
82.845066 82.845352 82.845635 82.845916 82.846194 82.846471 82.846744 82.847015 82.847283 82.847547 82.847809 82.848066 82.84832 82.848569 82.848814 82.849055 82.84929 82.849521 82.849746 82.849965 82.850178 82.850385 82.850585 82.850777 82.850963 82.85114 82.851309 82.85147 82.851621 82.851763 82.851895 82.852016 82.852126 82.852225 82.852311 82.852385 82.852446 82.852493 82.852525 82.852543 82.852544 82.852529 82.852497 82.852447 82.852379 82.852291 82.852182 82.852053 82.851901 82.851727 82.851528 82.851305 82.851056 82.85078 82.850477 82.850144 82.849781 82.849387 82.848961 82.848501
82.845494 82.845785 82.846075 82.846363 82.846648 82.846931 82.847212 82.84749 82.847765 82.848037 82.848305 82.84857 82.848832 82.849089 82.849342 82.849591 82.849834 82.850073 82.850307 82.850534 82.850756 82.850972 82.851181 82.851383 82.851577 82.851764 82.851943 82.852113 82.852274 82.852426 82.852568 82.852699 82.852819 82.852929 82.853026 82.85311 82.853182 82.85324 82.853283 82.853312 82.853325 82.853321 82.8533 82.853262 82.853205 82.853128 82.853032 82.852914 82.852774 82.852611 82.852425 82.852213 82.851976 82.851712 82.85142 82.851099 82.850748 82.850366 82.849951 82.849502
82.845922 82.846219 82.846516 82.84681 82.847102 82.847392 82.84768 82.847965 82.848247 82.848526 82.848803 82.849075 82.849344 82.84961 82.849871 82.850128 82.85038 82.850627 82.850869 82.851105 82.851336 82.851561 82.851779 82.85199 82.852194 82.85239 82.852578 82.852758 82.85293 82.853091 82.853243 82.853385 82.853516 82.853636 82.853744 82.853839 82.853922 82.853991 82.854045 82.854085 82.85411 82.854118 82.854109 82.854082 82.854037 82.853972 82.853887 82.853781 82.853654 82.853503 82.853329 82.853129 82.852904 82.852652 82.852372 82.852063 82.851724 82.851353 82.85095 82.850513
82.84635 82.846654 82.846957 82.847258 82.847557 82.847854 82.848149 82.848441 82.84873 82.849017 82.849301 82.849581 82.849858 82.850132 82.850401 82.850666 82.850926 82.851182 82.851433 82.851678 82.851918 82.852151 82.852378 82.852599 82.852812 82.853018 82.853217 82.853406 82.853588 82.85376 82.853922 82.854074 82.854216 82.854346 82.854465 82.854572 82.854665 82.854746 82.854812 82.854863 82.854899 82.854919 82.854922 82.854907 82.854874 82.854821 82.854749 82.854655 82.85454 82.854402 82.854239 82.854053 82.85384 82.8536 82.853333 82.853036 82.852709 82.85235 82.851959 82.851534
82.846778 82.847089 82.847398 82.847706 82.848012 82.848316 82.848618 82.848917 82.849214 82.849509 82.8498 82.850088 82.850373 82.850654 82.850932 82.851205 82.851474 82.851738 82.851998 82.852252 82.852501 82.852743 82.85298 82.85321 82.853433 82.853649 82.853857 82.854057 82.854248 82.854431 82.854603 82.854766 82.854919 82.85506 82.85519 82.855308 82.855413 82.855505 82.855582 82.855646 82.855693 82.855725 82.85574 82.855738 82.855717 82.855677 82.855616 82.855535 82.855433 82.855307 82.855158 82.854983 82.854783 82.854557 82.854302 82.854018 82.853703 82.853357 82.852978 82.852565
82.847207 82.847524 82.84784 82.848155 82.848468 82.848779 82.849088 82.849395 82.849699 82.850001 82.8503 82.850596 82.850889 82.851178 82.851464 82.851746 82.852023 82.852296 82.852564 82.852828 82.853085 82.853337 82.853583 82.853823 82.854056 82.854281 82.8545 82.85471 82.854911 82.855104 82.855288 82.855461 82.855625 82.855777 82.855919 82.856048 82.856164 82.856268 82.856357 82.856432 82.856492 82.856536 82.856563 82.856573 82.856565 82.856538 82.85649 82.856422 82.856332 82.856219 82.856083 82.855922 82.855735 82.855521 82.855279 82.855008 82.854707 82.854373 82.854007 82.853607
82.847635 82.84796 82.848282 82.848604 82.848924 82.849242 82.849558 82.849872 82.850184 82.850494 82.850801 82.851105 82.851405 82.851703 82.851997 82.852287 82.852573 82.852855 82.853132 82.853404 82.853671 82.853933 82.854188 82.854438 82.85468 82.854916 82.855144 82.855365 82.855577 82.85578 82.855975 82.856159 82.856334 82.856498 82.85665 82.856791 82.856919 82.857035 82.857136 82.857223 82.857296 82.857352 82.857392 82.857414 82.857419 82.857404 82.85737 82.857315 82.857238 82.857138 82.857015 82.856868 82.856694 82.856494 82.856265 82.856007 82.855719 82.855399 82.855047 82.854659
