layers_legit/tmean.tif
NCOLS 300
NROWS 300
XLLCORNER 108.422
YLLCORNER 2.17447
DX 0.11742
DY 0.06627
NODATA_VALUE -9999
[rows 208 to 233 of 300, columns 180 to 239 of 300]
27.599924 27.600217 27.600502 27.600777 27.601043 27.601301 27.601551 27.601793 27.602028 27.602255 27.602476 27.60269 27.602897 27.603098 27.603293 27.603483 27.603667 27.603846 27.60402 27.604188 27.604353 27.604512 27.604667 27.604818 27.604965 27.605109 27.605248 27.605384 27.605516 27.605645 27.60577 27.605893 27.606012 27.606129 27.606242 27.606353 27.606462 27.606568 27.606671 27.606772 27.60687 27.606967 27.607061 27.607153 27.607244 27.607332 27.607418 27.607502 27.607585 27.607666 27.607745 27.607823 27.607899 27.607974 27.608047 27.608118 27.608188 27.608257 27.608325 27.608391
27.600098 27.600383 27.600658 27.600926 27.601185 27.601436 27.60168 27.601916 27.602145 27.602367 27.602583 27.602792 27.602995 27.603192 27.603384 27.60357 27.60375 27.603926 27.604096 27.604262 27.604424 27.604581 27.604734 27.604882 27.605027 27.605168 27.605305 27.605439 27.60557 27.605697 27.605821 27.605942 27.60606 27.606175 27.606287 27.606397 27.606504 27.606608 27.606711 27.60681 27.606908 27.607003 27.607097 27.607188 27.607277 27.607365 27.60745 27.607534 27.607616 27.607696 27.607774 27.607851 27.607927 27.608001 27.608073 27.608144 27.608214 27.608282 27.608349 27.608415
27.600276 27.600551 27.600818 27.601078 27.60133 27.601574 27.601811 27.602041 27.602264 27.602481 27.602692 27.602897 27.603095 27.603288 27.603476 27.603658 27.603835 27.604007 27.604175 27.604338 27.604497 27.604651 27.604801 27.604948 27.60509 27.605229 27.605364 27.605496 27.605625 27.60575 27.605872 27.605992 27.606108 27.606222 27.606333 27.606441 27.606547 27.60665 27.606751 27.60685 27.606946 27.607041 27.607133 27.607223 27.607312 27.607398 27.607483 27.607566 27.607647 27.607726 27.607804 27.60788 27.607955 27.608028 27.6081 27.60817 27.608239 27.608307 27.608373 27.608438
27.600457 27.600723 27.600981 27.601233 27.601477 27.601714 27.601945 27.602169 27.602387 27.602598 27.602804 27.603003 27.603198 27.603386 27.60357 27.603748 27.603922 27.604091 27.604255 27.604415 27.604571 27.604723 27.60487 27.605014 27.605154 27.605291 27.605424 27.605554 27.605681 27.605804 27.605925 27.606043 27.606157 27.60627 27.606379 27.606486 27.606591 27.606693 27.606792 27.60689 27.606985 27.607079 27.60717 27.607259 27.607347 27.607432 27.607516 27.607598 27.607678 27.607757 27.607834 27.60791 27.607984 27.608056 27.608127 27.608197 27.608265 27.608332 27.608398 27.608463
27.600641 27.600897 27.601147 27.601391 27.601627 27.601858 27.602081 27.602299 27.602511 27.602717 27.602917 27.603112 27.603302 27.603486 27.603666 27.60384 27.60401 27.604176 27.604337 27.604494 27.604647 27.604796 27.604941 27.605082 27.60522 27.605355 27.605486 27.605613 27.605738 27.60586 27.605979 27.606095 27.606208 27.606318 27.606426 27.606532 27.606635 27.606736 27.606835 27.606931 27.607025 27.607117 27.607208 27.607296 27.607382 27.607467 27.60755 27.607631 27.60771 27.607788 27.607865 27.607939 27.608013 27.608085 27.608155 27.608224 27.608292 27.608358 27.608424 27.608488
27.600827 27.601075 27.601316 27.601551 27.60178 27.602003 27.60222 27.602432 27.602638 27.602838 27.603033 27.603223 27.603408 27.603588 27.603764 27.603934 27.604101 27.604263 27.604421 27.604574 27.604724 27.60487 27.605013 27.605152 27.605287 27.605419 27.605548 27.605674 27.605797 27.605916 27.606033 27.606148 27.606259 27.606368 27.606475 27.606579 27.606681 27.60678 27.606877 27.606973 27.607066 27.607157 27.607246 27.607333 27.607419 27.607502 27.607584 27.607665 27.607743 27.60782 27.607896 27.60797 27.608042 27.608114 27.608183 27.608252 27.608319 27.608385 27.60845 27.608513
27.601017 27.601255 27.601487 27.601714 27.601935 27.602151 27.602362 27.602567 27.602767 27.602961 27.603151 27.603336 27.603516 27.603692 27.603863 27.60403 27.604193 27.604351 27.604505 27.604656 27.604803 27.604946 27.605086 27.605222 27.605355 27.605485 27.605612 27.605735 27.605856 27.605974 27.606089 27.606202 27.606312 27.606419 27.606524 27.606627 27.606727 27.606825 27.606921 27.607015 27.607107 27.607197 27.607285 27.607371 27.607456 27.607538 27.607619 27.607699 27.607777 27.607853 27.607928 27.608001 27.608073 27.608143 27.608212 27.60828 27.608346 27.608412 27.608476 27.608539
27.601209 27.601437 27.601661 27.601879 27.602093 27.602301 27.602505 27.602704 27.602897 27.603086 27.603271 27.603451 27.603626 27.603797 27.603964 27.604127 27.604286 27.604441 27.604592 27.604739 27.604883 27.605023 27.60516 27.605294 27.605425 27.605552 27.605676 27.605798 27.605917 27.606032 27.606146 27.606257 27.606365 27.606471 27.606574 27.606675 27.606774 27.606871 27.606966 27.607058 27.607149 27.607238 27.607325 27.60741 27.607493 27.607575 27.607655 27.607734 27.607811 27.607886 27.60796 27.608032 27.608103 27.608173 27.608241 27.608309 27.608374 27.608439 27.608502 27.608565
27.601402 27.601622 27.601836 27.602047 27.602252 27.602453 27.60265 27.602842 27.60303 27.603213 27.603392 27.603567 27.603738 27.603904 27.604067 27.604226 27.604381 27.604532 27.60468 27.604824 27.604964 27.605102 27.605236 27.605367 27.605495 27.60562 27.605742 27.605861 27.605978 27.606092 27.606203 27.606312 27.606419 27.606523 27.606625 27.606724 27.606822 27.606917 27.607011 27.607102 27.607192 27.607279 27.607365 27.607449 27.607532 27.607612 27.607691 27.607769 27.607845 27.607919 27.607993 27.608064 27.608135 27.608203 27.608271 27.608338 27.608403 27.608467 27.60853 27.608591
27.601598 27.601808 27.602014 27.602216 27.602414 27.602608 27.602797 27.602983 27.603164 27.603342 27.603516 27.603685 27.603851 27.604013 27.604171 27.604326 27.604477 27.604625 27.604769 27.60491 27.605047 27.605182 27.605313 27.605441 27.605567 27.605689 27.605809 27.605926 27.606041 27.606152 27.606262 27.606369 27.606474 27.606576 27.606677 27.606775 27.606871 27.606965 27.607057 27.607147 27.607235 27.607322 27.607406 27.607489 27.60757 27.60765 27.607728 27.607805 27.60788 27.607954 27.608026 27.608097 27.608166 27.608234 27.608301 27.608367 27.608431 27.608495 27.608557 27.608618
27.601796 27.601996 27.602193 27.602387 27.602577 27.602763 27.602946 27.603125 27.603301 27.603472 27.60364 27.603805 27.603966 27.604123 27.604277 27.604428 27.604575 27.604719 27.604859 27.604997 27.605131 27.605262 27.605391 27.605516 27.605639 27.605759 27.605877 27.605992 27.606104 27.606214 27.606321 27.606427 27.60653 27.60663 27.606729 27.606826 27.60692 27.607013 27.607103 27.607192 27.607279 27.607364 27.607448 27.60753 27.60761 27.607689 27.607766 27.607841 27.607915 27.607988 27.60806 27.60813 27.608198 27.608266 27.608332 27.608397 27.608461 27.608523 27.608585 27.608645
27.601995 27.602186 27.602374 27.602559 27.602742 27.602921 27.603096 27.603269 27.603438 27.603604 27.603767 27.603926 27.604082 27.604235 27.604384 27.60453 27.604674 27.604814 27.604951 27.605085 27.605216 27.605344 27.60547 27.605593 27.605713 27.605831 27.605946 27.606058 27.606168 27.606276 27.606382 27.606485 27.606586 27.606685 27.606782 27.606877 27.60697 27.607061 27.607151 27.607238 27.607324 27.607408 27.60749 27.607571 27.60765 27.607727 27.607804 27.607878 27.607951 27.608023 27.608094 27.608163 27.608231 27.608297 27.608363 27.608427 27.60849 27.608552 27.608613 27.608673
27.602196 27.602377 27.602557 27.602734 27.602908 27.603079 27.603248 27.603414 27.603577 27.603737 27.603894 27.604048 27.604199 27.604347 27.604492 27.604635 27.604774 27.60491 27.605043 27.605174 27.605302 27.605427 27.60555 27.60567 27.605788 27.605903 27.606015 27.606126 27.606234 27.606339 27.606443 27.606544 27.606644 27.606741 27.606836 27.606929 27.607021 27.607111 27.607198 27.607285 27.607369 27.607452 27.607533 27.607612 27.60769 27.607767 27.607842 27.607916 27.607988 27.608059 27.608128 27.608197 27.608264 27.60833 27.608394 27.608458 27.60852 27.608582 27.608642 27.608701
27.602398 27.60257 27.60274 27.602909 27.603075 27.60324 27.603401 27.603561 27.603718 27.603872 27.604023 27.604172 27.604318 27.604461 27.604602 27.60474 27.604875 27.605007 27.605137 27.605265 27.605389 27.605511 27.605631 27.605748 27.605863 27.605976 27.606086 27.606194 27.6063 27.606403 27.606505 27.606604 27.606702 27.606797 27.606891 27.606983 27.607072 27.607161 27.607247 27.607332 27.607415 27.607496 27.607576 27.607655 27.607732 27.607807 27.607881 27.607954 27.608025 27.608095 27.608164 27.608231 27.608297 27.608362 27.608426 27.608489 27.608551 27.608611 27.608671 27.608729
27.602601 27.602763 27.602925 27.603085 27.603244 27.603401 27.603556 27.603709 27.603859 27.604007 27.604153 27.604297 27.604438 27.604577 27.604713 27.604846 27.604977 27.605106 27.605232 27.605356 27.605477 27.605596 27.605713 27.605828 27.60594 27.60605 27.606157 27.606263 27.606367 27.606468 27.606567 27.606665 27.606761 27.606854 27.606946 27.607036 27.607125 27.607211 27.607296 27.60738 27.607461 27.607541 27.60762 27.607697 27.607773 27.607847 27.60792 27.607992 27.608062 27.608131 27.608199 27.608266 27.608331 27.608395 27.608459 27.608521 27.608581 27.608641 27.6087 27.608758
27.602804 27.602958 27.603111 27.603263 27.603414 27.603563 27.603711 27.603857 27.604002 27.604144 27.604285 27.604423 27.604559 27.604693 27.604824 27.604954 27.605081 27.605206 27.605328 27.605448 27.605567 27.605682 27.605796 27.605908 27.606017 27.606124 27.60623 27.606333 27.606434 27.606533 27.606631 27.606726 27.60682 27.606912 27.607002 27.607091 27.607177 27.607262 27.607346 27.607428 27.607508 27.607587 27.607665 27.607741 27.607815 27.607888 27.60796 27.608031 27.6081 27.608168 27.608235 27.608301 27.608366 27.608429 27.608491 27.608552 27.608613 27.608672 27.60873 27.608787
27.603009 27.603153 27.603297 27.603441 27.603584 27.603727 27.603868 27.604007 27.604145 27.604282 27.604417 27.60455 27.604681 27.60481 27.604937 27.605062 27.605185 27.605306 27.605425 27.605542 27.605657 27.605769 27.60588 27.605989 27.606095 27.6062 27.606303 27.606404 27.606503 27.6066 27.606695 27.606789 27.60688 27.60697 27.607059 27.607146 27.607231 27.607314 27.607396 27.607477 27.607556 27.607633 27.60771 27.607784 27.607858 27.60793 27.608001 27.60807 27.608139 27.608206 27.608272 27.608337 27.6084 27.608463 27.608524 27.608585 27.608644 27.608703 27.60876 27.608816
27.603213 27.603349 27.603484 27.60362 27.603756 27.603891 27.604025 27.604158 27.60429 27.604421 27.60455 27.604677 27.604804 27.604928 27.605051 27.605171 27.60529 27.605407 27.605523 27.605636 27.605747 27.605857 27.605965 27.60607 27.606174 27.606276 27.606377 27.606475 27.606572 27.606667 27.60676 27.606851 27.606941 27.60703 27.607116 27.607201 27.607285 27.607367 27.607447 27.607526 27.607604 27.60768 27.607755 27.607829 27.607901 27.607972 27.608042 27.60811 27.608178 27.608244 27.608309 27.608373 27.608435 27.608497 27.608558 27.608617 27.608676 27.608734 27.60879 27.608846
27.603418 27.603545 27.603672 27.6038 27.603928 27.604055 27.604183 27.604309 27.604435 27.60456 27.604684 27.604806 27.604927 27.605047 27.605165 27.605281 27.605396 27.60551 27.605621 27.605731 27.605839 27.605945 27.60605 27.606153 27.606254 27.606353 27.606451 27.606547 27.606642 27.606734 27.606825 27.606915 27.607003 27.607089 27.607174 27.607257 27.607339 27.60742 27.607499 27.607576 27.607653 27.607728 27.607801 27.607874 27.607945 27.608014 27.608083 27.60815 27.608217 27.608282 27.608346 27.608409 27.608471 27.608532 27.608592 27.60865 27.608708 27.608765 27.608821 27.608876
27.603623 27.603741 27.60386 27.60398 27.6041 27.60422 27.604341 27.604461 27.604581 27.6047 27.604818 27.604935 27.605052 27.605166 27.60528 27.605392 27.605503 27.605612 27.60572 27.605827 27.605931 27.606034 27.606136 27.606236 27.606334 27.606431 27.606526 27.60662 27.606712 27.606803 27.606892 27.606979 27.607065 27.60715 27.607233 27.607314 27.607394 27.607473 27.607551 27.607627 27.607702 27.607775 27.607848 27.607919 27.607989 27.608057 27.608125 27.608191 27.608256 27.608321 27.608384 27.608446 27.608507 27.608567 27.608626 27.608684 27.608741 27.608797 27.608852 27.608907
27.603828 27.603937 27.604048 27.60416 27.604273 27.604386 27.6045 27.604614 27.604727 27.604841 27.604953 27.605065 27.605177 27.605287 27.605396 27.605504 27.605611 27.605716 27.60582 27.605923 27.606024 27.606124 27.606223 27.60632 27.606415 27.60651 27.606602 27.606693 27.606783 27.606871 27.606958 27.607044 27.607128 27.60721 27.607292 27.607372 27.60745 27.607527 27.607603 27.607678 27.607751 27.607824 27.607895 27.607964 27.608033 27.608101 27.608167 27.608232 27.608297 27.60836 27.608422 27.608483 27.608543 27.608602 27.60866 27.608717 27.608774 27.608829 27.608884 27.608937
27.604033 27.604134 27.604236 27.60434 27.604446 27.604552 27.604659 27.604767 27.604874 27.604982 27.605089 27.605196 27.605302 27.605408 27.605512 27.605616 27.605719 27.60582 27.605921 27.60602 27.606118 27.606215 27.60631 27.606404 27.606497 27.606589 27.606679 27.606767 27.606855 27.606941 27.607026 27.607109 27.607191 27.607272 27.607351 27.607429 27.607506 27.607582 27.607656 27.60773 27.607802 27.607872 27.607942 27.608011 27.608078 27.608144 27.60821 27.608274 27.608337 27.608399 27.60846 27.60852 27.60858 27.608638 27.608695 27.608752 27.608807 27.608862 27.608915 27.608968
27.604238 27.60433 27.604424 27.60452 27.604619 27.604718 27.604819 27.60492 27.605022 27.605123 27.605225 27.605327 27.605428 27.605529 27.605629 27.605729 27.605827 27.605925 27.606022 27.606118 27.606212 27.606306 27.606398 27.606489 27.606579 27.606668 27.606756 27.606842 27.606927 27.607011 27.607093 27.607175 27.607255 27.607334 27.607411 27.607488 27.607563 27.607637 27.60771 27.607782 27.607852 27.607922 27.60799 27.608057 27.608123 27.608189 27.608253 27.608316 27.608378 27.608439 27.608499 27.608558 27.608617 27.608674 27.60873 27.608786 27.608841 27.608894 27.608948 27.609
27.604442 27.604525 27.604612 27.604701 27.604792 27.604884 27.604978 27.605073 27.605169 27.605265 27.605362 27.605458 27.605555 27.605651 27.605747 27.605842 27.605937 27.60603 27.606124 27.606216 27.606307 27.606397 27.606487 27.606575 27.606662 27.606748 27.606833 27.606917 27.607 27.607081 27.607162 27.607241 27.607319 27.607396 27.607472 27.607546 27.60762 27.607692 27.607764 27.607834 27.607903 27.607971 27.608038 27.608104 27.608169 27.608233 27.608296 27.608358 27.608419 27.608479 27.608538 27.608597 27.608654 27.60871 27.608766 27.608821 27.608875 27.608928 27.60898 27.609031
27.604645 27.60472 27.604799 27.604881 27.604965 27.605051 27.605138 27.605227 27.605317 27.605408 27.605499 27.60559 27.605682 27.605773 27.605865 27.605956 27.606046 27.606136 27.606226 27.606314 27.606402 27.606489 27.606576 27.606661 27.606745 27.606829 27.606911 27.606993 27.607073 27.607152 27.607231 27.607308 27.607384 27.607459 27.607533 27.607606 27.607678 27.607748 27.607818 27.607887 27.607954 27.608021 27.608087 27.608152 27.608215 27.608278 27.60834 27.608401 27.608461 27.60852 27.608578 27.608635 27.608691 27.608747 27.608802 27.608856 27.608909 27.608961 27.609013 27.609063
27.604848 27.604915 27.604986 27.60506 27.605137 27.605217 27.605298 27.605381 27.605465 27.60555 27.605636 27.605722 27.605809 27.605896 27.605983 27.60607 27.606156 27.606242 27.606328 27.606413 27.606498 27.606582 27.606665 27.606748 27.606829 27.60691 27.60699 27.607069 27.607147 27.607224 27.6073 27.607375 27.607449 27.607522 27.607594 27.607665 27.607735 27.607805 27.607873 27.60794 27.608006 27.608072 27.608136 27.608199 27.608262 27.608323 27.608384 27.608444 27.608503 27.608561 27.608618 27.608674 27.608729 27.608784 27.608838 27.608891 27.608943 27.608995 27.609045 27.609095
