layers_legit/tmean.tif
NCOLS 300
NROWS 300
XLLCORNER 108.422
YLLCORNER 2.17447
DX 0.11742
DY 0.06627
NODATA_VALUE -9999
[rows 156 to 181 of 300, columns 120 to 179 of 300]
27.636444 27.640091 27.644107 27.648434 27.652974 27.657584 27.662072 27.666203 27.669705 27.672295 27.673705 27.673719 27.672208 27.669159 27.664679 27.658992 27.65241 27.64529 27.637992 27.630838 27.624091 27.617933 27.612476 27.607761 27.603782 27.600493 27.59783 27.595718 27.59408 27.592841 27.591936 27.591306 27.590899 27.590673 27.590593 27.590628 27.590755 27.590954 27.591208 27.591505 27.591834 27.592186 27.592556 27.592936 27.593324 27.593715 27.594106 27.594496 27.594882 27.595264 27.595639 27.596008 27.59637 27.596724 27.59707 27.597408 27.597738 27.59806 27.598373 27.598678
27.636544 27.640464 27.644827 27.649579 27.65462 27.659799 27.664903 27.669664 27.673765 27.676867 27.678644 27.678826 27.67725 27.673889 27.668871 27.662467 27.655054 27.647063 27.638923 27.631013 27.623628 27.61697 27.611147 27.606189 27.60207 27.598724 27.596066 27.594001 27.592439 27.591295 27.590492 27.589967 27.589664 27.589538 27.589552 27.589675 27.589883 27.590156 27.590478 27.590837 27.591223 27.591626 27.592042 27.592465 27.592891 27.593316 27.593739 27.594158 27.59457 27.594975 27.595373 27.595761 27.596141 27.596512 27.596874 27.597226 27.597568 27.597901 27.598226 27.598541
27.636533 27.640734 27.645464 27.650674 27.656267 27.662083 27.66789 27.673381 27.678188 27.681904 27.684131 27.684532 27.682895 27.679178 27.673532 27.666286 27.657901 27.648899 27.639795 27.631032 27.622945 27.61575 27.609551 27.604358 27.600119 27.596743 27.594117 27.59213 27.590671 27.589643 27.588964 27.58856 27.588376 27.588361 27.588479 27.588697 27.588993 27.589345 27.589739 27.590163 27.590608 27.591064 27.591528 27.591994 27.592459 27.59292 27.593375 27.593822 27.594261 27.59469 27.59511 27.595518 27.595916 27.596304 27.59668 27.597046 27.597402 27.597747 27.598081 27.598406
27.636391 27.640881 27.645994 27.651696 27.657894 27.664421 27.671027 27.677366 27.683006 27.687463 27.690244 27.690928 27.689239 27.685114 27.678731 27.670492 27.660964 27.650785 27.640573 27.630848 27.621989 27.614224 27.607643 27.602231 27.597901 27.594528 27.591972 27.590094 27.588769 27.587885 27.58735 27.587088 27.587036 27.587145 27.587376 27.587698 27.588086 27.588523 27.588993 27.589485 27.58999 27.590502 27.591015 27.591525 27.59203 27.592527 27.593014 27.593491 27.593957 27.59441 27.594851 27.59528 27.595696 27.5961 27.596491 27.596871 27.597239 27.597596 27.597941 27.598276
27.636097 27.640876 27.646389 27.652614 27.65947 27.666791 27.674306 27.681627 27.688254 27.693603 27.69707 27.698121 27.696396 27.691802 27.684549 27.675133 27.664256 27.6527 27.641211 27.630402 27.620698 27.612333 27.605375 27.59977 27.595388 27.592062 27.589617 27.587889 27.586731 27.58602 27.585654 27.585551 27.585648 27.585893 27.586246 27.586679 27.587167 27.587692 27.588241 27.588804 27.589372 27.589941 27.590504 27.59106 27.591605 27.592138 27.592659 27.593165 27.593657 27.594134 27.594597 27.595046 27.59548 27.5959 27.596307 27.5967 27.597081 27.597449 27.597805 27.598149
27.635625 27.640692 27.646613 27.653392 27.660961 27.669162 27.677708 27.686168 27.693964 27.700394 27.704711 27.706238 27.704503 27.699368 27.691082 27.680263 27.667783 27.654611 27.641651 27.629622 27.618997 27.610009 27.602689 27.596931 27.592548 27.589323 27.587042 27.585508 27.584556 27.584049 27.583877 27.583955 27.584216 27.584608 27.585095 27.585645 27.586238 27.586856 27.587488 27.588123 27.588757 27.589383 27.589997 27.590599 27.591185 27.591755 27.592308 27.592844 27.593363 27.593865 27.594349 27.594818 27.59527 27.595706 27.596128 27.596535 27.596927 27.597307 27.597673 27.598027
27.634951 27.640295 27.646629 27.653984 27.66232 27.671491 27.681204 27.690985 27.700166 27.707908 27.713284 27.71543 27.713725 27.707963 27.698444 27.685942 27.671551 27.656476 27.641816 27.628415 27.616795 27.607173 27.599525 27.593671 27.589353 27.586295 27.584236 27.582949 27.582245 27.581976 27.582025 27.582304 27.582744 27.583297 27.583925 27.5846 27.585303 27.586018 27.586734 27.587445 27.588145 27.58883 27.589497 27.590144 27.590772 27.591379 27.591965 27.592531 27.593076 27.593601 27.594108 27.594595 27.595065 27.595518 27.595954 27.596374 27.596779 27.597169 27.597546 27.597909
27.634045 27.639649 27.646391 27.65434 27.663492 27.673725 27.684752 27.696059 27.706884 27.716221 27.722923 27.725876 27.724258 27.71777 27.706771 27.692237 27.675555 27.65823 27.641605 27.62667 27.613987 27.603737 27.595814 27.589941 27.585774 27.582963 27.581196 27.580212 27.579802 27.579807 27.580104 27.580604 27.58124 27.581965 27.582743 27.583549 27.584366 27.585181 27.585985 27.586773 27.58754 27.588284 27.589004 27.589698 27.590367 27.591011 27.59163 27.592224 27.592796 27.593345 27.593873 27.59438 27.594867 27.595335 27.595786 27.596219 27.596636 27.597037 27.597423 27.597796
27.632879 27.638714 27.645849 27.654398 27.664406 27.675793 27.68829 27.701357 27.714129 27.725412 27.733776 27.737786 27.736341 27.72901 27.716223 27.699222 27.679778 27.659787 27.640892 27.624246 27.610445 27.599598 27.591483 27.585697 27.581784 27.579314 27.577918 27.577301 27.577234 27.57755 27.578123 27.578865 27.579711 27.580618 27.581554 27.582497 27.583432 27.58435 27.585243 27.586109 27.586944 27.587748 27.588521 27.589261 27.589971 27.590652 27.591303 27.591927 27.592525 27.593097 27.593646 27.594171 27.594676 27.59516 27.595624 27.59607 27.596498 27.59691 27.597306 27.597687
27.631421 27.637449 27.644946 27.654087 27.664979 27.677604 27.691733 27.706818 27.721896 27.735553 27.746008 27.751405 27.75026 27.741947 27.726985 27.706972 27.684187 27.661027 27.639511 27.620976 27.606022 27.594646 27.586458 27.580893 27.577364 27.575344 27.574408 27.574225 27.574553 27.575216 27.576092 27.577095 27.578166 27.579265 27.580365 27.581449 27.582506 27.583528 27.584513 27.585457 27.586361 27.587224 27.588049 27.588836 27.589587 27.590303 27.590987 27.591639 27.592262 27.592858 27.593427 27.593971 27.594492 27.594991 27.595469 27.595927 27.596367 27.596789 27.597194 27.597584
27.629641 27.635809 27.643623 27.653328 27.665112 27.679044 27.694965 27.712348 27.730146 27.746699 27.759796 27.767018 27.766355 27.756898 27.739276 27.715564 27.688717 27.661788 27.637255 27.616654 27.600549 27.588759 27.580665 27.575493 27.5725 27.571056 27.570675 27.570999 27.571772 27.572821 27.574026 27.575308 27.576615 27.577914 27.579184 27.580413 27.581593 27.582721 27.583796 27.584819 27.585791 27.586715 27.587591 27.588424 27.589215 27.589967 27.590682 27.591362 27.59201 27.592628 27.593217 27.593779 27.594316 27.59483 27.595321 27.595791 27.596242 27.596674 27.597088 27.597486
27.62751 27.633749 27.641814 27.65203 27.664688 27.679971 27.697832 27.717807 27.738796 27.758877 27.775312 27.784942 27.785022 27.774233 27.753336 27.72506 27.693264 27.661851 27.633864 27.611039 27.593841 27.581815 27.574036 27.569471 27.567192 27.566464 27.566741 27.567644 27.568914 27.570383 27.57194 27.573516 27.575069 27.576575 27.578019 27.579394 27.580698 27.581933 27.583099 27.5842 27.58524 27.586221 27.587149 27.588026 27.588857 27.589643 27.590389 27.591097 27.591769 27.592408 27.593017 27.593596 27.594149 27.594677 27.595181 27.595662 27.596123 27.596565 27.596988 27.597394
27.625 27.631224 27.639452 27.650098 27.663575 27.680216 27.700133 27.722991 27.747691 27.772054 27.79271 27.805522 27.806716 27.794371 27.769425 27.735496 27.697664 27.660928 27.629017 27.603853 27.585697 27.573697 27.566521 27.562818 27.561458 27.561594 27.562635 27.564189 27.566004 27.567923 27.569852 27.571735 27.573542 27.575258 27.576877 27.5784 27.579829 27.581168 27.582424 27.583602 27.584708 27.585747 27.586725 27.587646 27.588514 27.589334 27.59011 27.590844 27.591539 27.592199 27.592827 27.593423 27.593991 27.594532 27.595048 27.595541 27.596012 27.596463 27.596894 27.597307
27.622088 27.628194 27.636468 27.647427 27.661623 27.679574 27.701614 27.727617 27.756579 27.786102 27.812082 27.829096 27.831924 27.817765 27.787788 27.74685 27.701666 27.658647 27.622333 27.594789 27.57592 27.564308 27.558094 27.555552 27.555333 27.55649 27.558399 27.560672 27.563073 27.565469 27.567784 27.569982 27.572046 27.573974 27.575769 27.577438 27.578989 27.580432 27.581776 27.583029 27.584199 27.585294 27.58632 27.587283 27.588189 27.589041 27.589845 27.590604 27.591322 27.592003 27.592648 27.59326 27.593842 27.594396 27.594924 27.595427 27.595908 27.596367 27.596806 27.597227
27.618756 27.624621 27.632799 27.643914 27.658673 27.677814 27.701959 27.731301 27.765067 27.800739 27.833394 27.85594 27.861118 27.844837 27.808597 27.758986 27.704905 27.654541 27.613376 27.58353 27.564334 27.55359 27.548773 27.547727 27.548884 27.551215 27.554088 27.557137 27.560158 27.563047 27.565758 27.568274 27.570597 27.572735 27.574703 27.576515 27.578186 27.57973 27.581159 27.582484 27.583717 27.584865 27.585938 27.586941 27.587881 27.588765 27.589596 27.590379 27.591119 27.591818 27.59248 27.593107 27.593703 27.59427 27.594808 27.595322 27.595811 27.596279 27.596725 27.597153
27.614994 27.620478 27.628389 27.639458 27.654558 27.674677 27.700791 27.733541 27.772573 27.815437 27.856372 27.886147 27.89463 27.875855 27.831827 27.771576 27.706864 27.648057 27.601691 27.569793 27.55083 27.541558 27.538637 27.539443 27.542207 27.545852 27.549769 27.553637 27.557299 27.560692 27.5638 27.566632 27.569208 27.571552 27.573688 27.575639 27.577425 27.579066 27.580576 27.581971 27.583263 27.584462 27.585579 27.58662 27.587594 27.588507 27.589364 27.59017 27.590929 27.591646 27.592324 27.592966 27.593575 27.594153 27.594702 27.595225 27.595723 27.596198 27.596651 27.597085
27.610802 27.615747 27.623194 27.633971 27.649119 27.669892 27.697678 27.733702 27.778275 27.829319 27.880332 27.919417 27.932423 27.910684 27.857042 27.783967 27.70685 27.638597 27.58687 27.553398 27.535419 27.528333 27.527847 27.530856 27.535434 27.540506 27.545523 27.550233 27.554542 27.558436 27.561934 27.565075 27.567896 27.570438 27.572735 27.574817 27.576713 27.578445 27.580032 27.581493 27.58284 27.584087 27.585245 27.586322 27.587328 27.588268 27.589149 27.589976 27.590755 27.591489 27.592181 27.592837 27.593457 27.594046 27.594605 27.595136 27.595642 27.596124 27.596585 27.597024
27.606193 27.610429 27.617187 27.627384 27.642212 27.66319 27.692151 27.731024 27.781066 27.841006 27.903909 27.954693 27.973659 27.948335 27.883041 27.795022 27.704008 27.62563 27.568689 27.534385 27.518311 27.514191 27.516666 27.522185 27.528734 27.535302 27.54144 27.546991 27.551936 27.556314 27.560188 27.563621 27.566675 27.569403 27.571851 27.574057 27.576055 27.577872 27.579531 27.581052 27.582451 27.583743 27.584939 27.586049 27.587084 27.588049 27.588953 27.5898 27.590596 27.591345 27.592052 27.592719 27.593351 27.593949 27.594517 27.595057 27.59557 27.596059 27.596525 27.59697
27.601192 27.604539 27.610368 27.619659 27.633732 27.654338 27.683747 27.724659 27.779541 27.848488 27.92472 27.989604 28.015995 27.986271 27.907376 27.802963 27.69742 27.608902 27.54732 27.513173 27.500014 27.499603 27.505476 27.513714 27.522309 27.53038 27.537619 27.54398 27.549529 27.554363 27.558586 27.562291 27.56556 27.568459 27.571045 27.573365 27.575456 27.577351 27.579075 27.580652 27.582098 27.58343 27.584661 27.585803 27.586863 27.587852 27.588776 27.589641 27.590453 27.591216 27.591935 27.592614 27.593256 27.593864 27.59444 27.594986 27.595506 27.596001 27.596473 27.596922
27.59584 27.598117 27.602763 27.610799 27.623626 27.643169 27.672059 27.713745 27.772063 27.849048 27.938986 28.019722 28.054617 28.019536 27.925911 27.805367 27.686353 27.588767 27.523614 27.490738 27.481408 27.485262 27.494773 27.505779 27.516383 27.525891 27.53416 27.541269 27.547368 27.552616 27.557154 27.561103 27.564563 27.567616 27.570325 27.572746 27.574921 27.576886 27.578669 27.580295 27.581784 27.583152 27.584414 27.585583 27.586667 27.587677 27.588619 27.5895 27.590326 27.591103 27.591833 27.592522 27.593173 27.593789 27.594372 27.594926 27.595451 27.595952 27.596428 27.596882
27.590198 27.591222 27.594433 27.600857 27.61192 27.629625 27.656827 27.697552 27.756947 27.839387 27.941336 28.037862 28.081308 28.040211 27.932894 27.799538 27.670667 27.566538 27.499355 27.468738 27.463784 27.472063 27.485141 27.498753 27.511191 27.521984 27.53116 27.538922 27.545499 27.551103 27.555912 27.560072 27.563698 27.566882 27.569699 27.572207 27.574455 27.57648 27.578314 27.579983 27.581509 27.582909 27.584199 27.585392 27.586497 27.587525 27.588483 27.589379 27.590217 27.591005 27.591746 27.592444 27.593102 27.593725 27.594315 27.594874 27.595406 27.595911 27.596391 27.596849
27.584339 27.58394 27.585474 27.589938 27.598723 27.613795 27.63802 27.675665 27.732812 27.816111 27.92519 28.034094 28.084493 28.038223 27.922219 27.783422 27.651211 27.544617 27.477266 27.44945 27.448739 27.461022 27.477194 27.493001 27.506955 27.518795 27.528707 27.536995 27.543958 27.549851 27.554881 27.559212 27.562974 27.566267 27.569172 27.571753 27.574061 27.576136 27.578013 27.579719 27.581276 27.582703 27.584017 27.58523 27.586353 27.587396 27.588369 27.589276 27.590126 27.590923 27.591673 27.592378 27.593044 27.593673 27.594269 27.594833 27.595369 27.595878 27.596362 27.596824
27.578355 27.576379 27.576015 27.578204 27.584245 27.595942 27.615916 27.648201 27.699065 27.77669 27.884231 27.997571 28.051749 28.004558 27.890001 27.75674 27.629832 27.52602 27.460492 27.435354 27.437903 27.453108 27.471485 27.488839 27.503858 27.516436 27.526869 27.535535 27.542777 27.548882 27.554076 27.558535 27.562399 27.565776 27.568749 27.571387 27.573742 27.575857 27.577769 27.579504 27.581086 27.582536 27.583868 27.585098 27.586236 27.587292 27.588276 27.589194 27.590053 27.590858 27.591615 27.592327 27.592999 27.593633 27.594233 27.594802 27.595341 27.595854 27.596341 27.596806
27.572354 27.568667 27.566215 27.565865 27.568781 27.576502 27.591146 27.615964 27.656391 27.720728 27.815083 27.920909 27.97536 27.936089 27.837024 27.721455 27.608705 27.51322 27.451514 27.428392 27.432517 27.449029 27.468404 27.486482 27.502022 27.514979 27.525693 27.53457 27.541976 27.548209 27.553505 27.558048 27.56198 27.565413 27.568433 27.571111 27.5735 27.575645 27.577582 27.579339 27.580941 27.582407 27.583754 27.584997 27.586146 27.587213 27.588206 27.589132 27.589998 27.59081 27.591572 27.59229 27.592966 27.593605 27.594209 27.594781 27.595323 27.595839 27.596329 27.596795
27.566455 27.56095 27.556257 27.553165 27.552692 27.556054 27.564668 27.580476 27.607011 27.650968 27.720161 27.805608 27.858286 27.838566 27.768879 27.680974 27.589315 27.506918 27.450984 27.429162 27.432999 27.44903 27.468086 27.486007 27.501493 27.514452 27.525196 27.534114 27.541564 27.54784 27.553175 27.557754 27.561719 27.565181 27.568228 27.570928 27.573338 27.575501 27.577454 27.579225 27.58084 27.582318 27.583675 27.584927 27.586085 27.587159 27.588158 27.589091 27.589962 27.590779 27.591545 27.592267 27.592947 27.593588 27.594195 27.59477 27.595315 27.595832 27.596324 27.596792
27.560794 27.55339 27.546339 27.540365 27.53637 27.53526 27.537661 27.543828 27.554493 27.573269 27.608544 27.664331 27.71533 27.724822 27.693548 27.638739 27.571918 27.505749 27.457346 27.4366 27.438761 27.452811 27.470378 27.487334 27.502229 27.514834 27.525367 27.534161 27.541538 27.547773 27.553087 27.557656 27.561617 27.565081 27.568132 27.570839 27.573255 27.575426 27.577385 27.579164 27.580785 27.582268 27.583632 27.584889 27.586052 27.58713 27.588134 27.58907 27.589945 27.590765 27.591534 27.592258 27.59294 27.593584 27.594193 27.594769 27.595316 27.595835 27.596328 27.596797
