layers_legit/tmean.tif
NCOLS 300
NROWS 300
XLLCORNER 108.422
YLLCORNER 2.17447
DX 0.11742
DY 0.06627
NODATA_VALUE -9999
[rows 208 to 233 of 300, columns 60 to 119 of 300]
27.623521 27.623636 27.623754 27.623876 27.624001 27.624131 27.624265 27.624404 27.624547 27.624696 27.62485 27.625009 27.625175 27.625347 27.625527 27.625713 27.625907 27.62611 27.626323 27.626544 27.626777 27.627021 27.627278 27.627548 27.627833 27.628134 27.628453 27.628791 27.629151 27.629534 27.629944 27.630383 27.630854 27.631362 27.631911 27.632506 27.633154 27.633862 27.634637 27.635491 27.636434 27.637482 27.63865 27.63996 27.641436 27.643107 27.645011 27.647191 27.649705 27.652619 27.656019 27.660013 27.664736 27.670357 27.677093 27.685216 27.695068 27.707074 27.721749 27.739684
27.623586 27.623703 27.623824 27.623948 27.624077 27.62421 27.624347 27.624489 27.624636 27.624789 27.624947 27.625111 27.625281 27.625458 27.625643 27.625835 27.626035 27.626245 27.626464 27.626693 27.626934 27.627187 27.627453 27.627733 27.628029 27.628342 27.628674 27.629027 27.629402 27.629802 27.63023 27.630689 27.631182 27.631714 27.63229 27.632914 27.633594 27.634336 27.635151 27.636048 27.637039 27.638139 27.639366 27.640741 27.642288 27.644039 27.646029 27.648306 27.650923 27.653948 27.657467 27.661584 27.666427 27.672159 27.67898 27.687139 27.696938 27.708742 27.722968 27.740064
27.62365 27.623769 27.623893 27.62402 27.624151 27.624287 27.624428 27.624573 27.624724 27.62488 27.625042 27.62521 27.625385 27.625567 27.625757 27.625955 27.626161 27.626377 27.626603 27.62684 27.627088 27.62735 27.627625 27.627915 27.628222 27.628547 27.628891 27.629257 27.629647 27.630063 27.630509 27.630987 27.631501 27.632056 27.632656 27.633308 27.634018 27.634794 27.635645 27.636581 27.637616 27.638765 27.640045 27.641478 27.643088 27.644908 27.646974 27.64933 27.652032 27.655146 27.658754 27.662956 27.667874 27.673658 27.680492 27.688595 27.69823 27.709697 27.72332 27.739414
27.623713 27.623835 27.62396 27.62409 27.624225 27.624363 27.624507 27.624656 27.62481 27.62497 27.625136 27.625308 27.625488 27.625674 27.625869 27.626072 27.626285 27.626507 27.626739 27.626983 27.62724 27.627509 27.627794 27.628093 27.62841 27.628746 27.629103 27.629482 27.629886 27.630318 27.63078 27.631276 27.63181 27.632387 27.633011 27.633688 27.634426 27.635233 27.636117 27.63709 27.638166 27.639358 27.640685 27.642169 27.643835 27.645713 27.647841 27.650263 27.653032 27.656211 27.65988 27.664132 27.669082 27.674865 27.681646 27.689616 27.698993 27.710017 27.722927 27.73792
27.623775 27.623899 27.624028 27.62416 27.624297 27.624439 27.624585 27.624737 27.624895 27.625058 27.625228 27.625405 27.625588 27.62578 27.62598 27.626188 27.626406 27.626634 27.626873 27.627124 27.627388 27.627666 27.627958 27.628267 27.628594 27.628941 27.629309 27.629701 27.630118 27.630565 27.631043 27.631556 27.632109 27.632706 27.633352 27.634054 27.634818 27.635652 27.636567 27.637574 27.638685 27.639915 27.641284 27.642812 27.644525 27.646453 27.648631 27.651103 27.65392 27.657143 27.660846 27.665116 27.670058 27.675793 27.682465 27.690235 27.699282 27.709785 27.72191 27.735755
27.623836 27.623963 27.624094 27.624229 27.624368 27.624513 27.624662 27.624817 27.624978 27.625145 27.625319 27.625499 27.625687 27.625883 27.626088 27.626302 27.626525 27.626759 27.627004 27.627262 27.627533 27.627818 27.628119 27.628437 27.628774 27.629131 27.62951 27.629913 27.630344 27.630804 27.631297 27.631827 27.632397 27.633013 27.633679 27.634403 27.635191 27.636051 27.636994 27.63803 27.639173 27.640437 27.641842 27.643407 27.645158 27.647125 27.649342 27.65185 27.654698 27.657944 27.661657 27.665915 27.670813 27.676459 27.682974 27.690492 27.699151 27.709082 27.720381 27.733072
27.623897 27.624025 27.624158 27.624296 27.624438 27.624585 27.624738 27.624896 27.62506 27.625231 27.625408 27.625592 27.625785 27.625985 27.626194 27.626413 27.626641 27.626881 27.627132 27.627397 27.627674 27.627967 27.628276 27.628602 27.628948 27.629315 27.629704 27.630119 27.630562 27.631035 27.631542 27.632087 27.632674 27.633307 27.633992 27.634736 27.635545 27.636429 27.637396 27.638459 27.639629 27.640922 27.642357 27.643952 27.645734 27.64773 27.649974 27.652505 27.655368 27.658618 27.662317 27.666537 27.671361 27.676882 27.683201 27.690426 27.698659 27.707984 27.718446 27.730006
27.623956 27.624087 27.624222 27.624362 27.624507 27.624657 27.624812 27.624973 27.625141 27.625314 27.625495 27.625683 27.62588 27.626084 27.626298 27.626521 27.626755 27.627 27.627257 27.627528 27.627812 27.628112 27.628428 27.628763 27.629117 27.629493 27.629892 27.630318 27.630772 27.631257 27.631778 27.632337 27.632938 27.633587 27.63429 27.635052 27.635881 27.636785 27.637774 27.638859 27.640052 27.64137 27.642828 27.644448 27.646252 27.648269 27.650528 27.653069 27.655932 27.659168 27.662833 27.666991 27.671715 27.677082 27.683175 27.690076 27.697857 27.706564 27.716196 27.726671
27.624015 27.624148 27.624285 27.624427 27.624574 27.624727 27.624885 27.625049 27.625219 27.625396 27.625581 27.625773 27.625973 27.626181 27.626399 27.626627 27.626866 27.627116 27.627379 27.627655 27.627946 27.628253 27.628576 27.628918 27.629281 27.629665 27.630074 27.63051 27.630974 27.631471 27.632003 27.632575 27.633191 27.633854 27.634572 27.635351 27.636197 27.637119 27.638126 27.63923 27.640443 27.64178 27.643257 27.644894 27.646714 27.648741 27.651007 27.653544 27.656394 27.6596 27.663213 27.66729 27.67189 27.67708 27.682924 27.689481 27.696796 27.704885 27.713712 27.723163
27.624072 27.624207 27.624347 27.624491 27.624641 27.624796 27.624956 27.625123 27.625297 27.625477 27.625664 27.62586 27.626063 27.626276 27.626498 27.626731 27.626974 27.627229 27.627497 27.627779 27.628076 27.628389 27.628719 27.629069 27.629439 27.629832 27.630249 27.630694 27.631168 27.631676 27.632219 27.632803 27.63343 27.634107 27.634839 27.635632 27.636492 27.63743 27.638453 27.639573 27.640801 27.642152 27.643643 27.645291 27.647118 27.649149 27.65141 27.653935 27.656758 27.65992 27.663466 27.667443 27.671903 27.676898 27.682476 27.688677 27.695523 27.703005 27.711062 27.719559
27.624128 27.624265 27.624407 27.624553 27.624705 27.624863 27.625026 27.625196 27.625372 27.625555 27.625746 27.625945 27.626152 27.626368 27.626595 27.626831 27.627079 27.627339 27.627612 27.627899 27.628202 27.628521 27.628858 27.629214 27.629591 27.629991 27.630417 27.63087 27.631354 27.631871 27.632424 27.633018 27.633657 27.634346 27.635089 27.635894 27.636768 27.637718 27.638754 27.639886 27.641126 27.642487 27.643986 27.645639 27.647468 27.649493 27.651742 27.654244 27.65703 27.660135 27.6636 27.667464 27.671769 27.676555 27.681857 27.687698 27.69408 27.700975 27.708304 27.715921
27.624183 27.624322 27.624466 27.624615 27.624769 27.624929 27.625094 27.625267 27.625446 27.625632 27.625825 27.626027 27.626238 27.626458 27.626688 27.626929 27.627181 27.627446 27.627724 27.628016 27.628324 27.628648 27.628991 27.629353 27.629737 27.630145 27.630578 27.631039 27.631531 27.632056 27.632619 27.633222 27.633871 27.63457 27.635324 27.636139 27.637023 27.637983 27.639029 27.64017 27.641418 27.642785 27.644287 27.64594 27.647763 27.649777 27.652006 27.654475 27.657213 27.660252 27.663624 27.667364 27.671503 27.676072 27.681093 27.686574 27.692504 27.698837 27.705485 27.712296
27.624237 27.624378 27.624524 27.624674 27.624831 27.624993 27.625161 27.625336 27.625517 27.625706 27.625903 27.626108 27.626322 27.626545 27.626779 27.627024 27.62728 27.627549 27.627831 27.628128 27.628441 27.628771 27.629119 27.629487 27.629878 27.630292 27.630731 27.6312 27.631699 27.632232 27.632803 27.633414 27.634072 27.634779 27.635541 27.636366 27.637258 27.638226 27.639279 27.640425 27.641677 27.643047 27.644547 27.646195 27.648007 27.650002 27.652203 27.654632 27.657315 27.660278 27.663549 27.667155 27.671121 27.675468 27.680206 27.685334 27.690827 27.696629 27.702645 27.708723
27.62429 27.624432 27.62458 27.624733 27.624891 27.625055 27.625226 27.625403 27.625587 27.625779 27.625978 27.626186 27.626403 27.62663 27.626867 27.627115 27.627375 27.627648 27.627935 27.628236 27.628554 27.628888 27.629242 27.629616 27.630012 27.630431 27.630877 27.631352 27.631858 27.632398 27.632976 27.633595 27.634259 27.634973 27.635743 27.636574 27.637472 27.638446 27.639503 27.640652 27.641905 27.643272 27.644768 27.646405 27.6482 27.650172 27.652338 27.65472 27.65734 27.660219 27.663382 27.666848 27.670637 27.674759 27.679218 27.684002 27.689077 27.694381 27.699814 27.705229
27.624341 27.624486 27.624635 27.62479 27.62495 27.625116 27.625289 27.625469 27.625655 27.625849 27.626051 27.626262 27.626482 27.626712 27.626952 27.627204 27.627468 27.627744 27.628035 27.62834 27.628662 27.629001 27.629359 27.629738 27.630139 27.630564 27.631016 27.631496 27.632008 27.632554 27.633138 27.633762 27.634433 27.635153 27.635928 27.636764 27.637666 27.638643 27.639702 27.640851 27.642102 27.643463 27.644949 27.646572 27.648346 27.650288 27.652414 27.654743 27.657294 27.660084 27.663133 27.666456 27.670064 27.673964 27.678149 27.682601 27.687279 27.692118 27.697017 27.701834
27.624392 27.624538 27.624689 27.624845 27.625008 27.625176 27.625351 27.625532 27.625721 27.625918 27.626122 27.626336 27.626559 27.626791 27.627035 27.627289 27.627556 27.627837 27.628131 27.62844 27.628766 27.629109 27.629472 27.629855 27.63026 27.63069 27.631147 27.631632 27.632149 27.6327 27.633288 27.633918 27.634593 27.635318 27.636096 27.636935 27.63784 27.638818 27.639876 27.641023 27.642268 27.643621 27.645093 27.646697 27.648446 27.650353 27.652435 27.654706 27.657183 27.65988 27.662811 27.665988 27.669416 27.673095 27.677015 27.681149 27.685454 27.689861 27.694272 27.698553
27.624441 27.624588 27.624741 27.624899 27.625063 27.625234 27.62541 27.625594 27.625785 27.625984 27.626191 27.626407 27.626632 27.626868 27.627114 27.627372 27.627642 27.627925 27.628223 27.628535 27.628865 27.629212 27.629578 27.629965 27.630375 27.630809 27.63127 27.631759 27.63228 27.632836 27.633428 27.634062 27.63474 27.635468 27.636249 27.637089 27.637995 27.638971 27.640026 27.641168 27.642405 27.643746 27.645201 27.646783 27.648502 27.650372 27.652405 27.654614 27.657013 27.659613 27.662425 27.665454 27.668704 27.672168 27.675831 27.679663 27.683617 27.687626 27.691593 27.695393
27.624488 27.624637 27.624792 27.624952 27.625117 27.62529 27.625468 27.625654 27.625847 27.626048 27.626257 27.626476 27.626703 27.626941 27.62719 27.627451 27.627724 27.62801 27.62831 27.628627 27.628959 27.62931 27.629679 27.63007 27.630483 27.630921 27.631385 27.631878 27.632403 27.632961 27.633557 27.634193 27.634874 27.635603 27.636385 27.637226 27.638129 27.639103 27.640153 27.641287 27.642513 27.643839 27.645276 27.646832 27.648518 27.650346 27.652327 27.654471 27.656789 27.65929 27.661981 27.664864 27.667938 27.671193 27.67461 27.678157 27.681785 27.685426 27.68899 27.692362
27.624535 27.624685 27.624841 27.625003 27.62517 27.625344 27.625524 27.625712 27.625907 27.62611 27.626321 27.626542 27.626772 27.627012 27.627263 27.627526 27.627802 27.628091 27.628394 27.628713 27.629049 27.629402 27.629775 27.630169 27.630585 27.631026 27.631493 27.631989 27.632516 27.633077 27.633675 27.634313 27.634995 27.635724 27.636506 27.637345 27.638245 27.639214 27.640257 27.641381 27.642594 27.643903 27.645317 27.646845 27.648496 27.650279 27.652205 27.654281 27.656517 27.658918 27.661487 27.664226 27.667129 27.670182 27.673365 27.676643 27.679967 27.683271 27.686471 27.689459
27.62458 27.624731 27.624889 27.625052 27.625221 27.625396 27.625578 27.625768 27.625964 27.626169 27.626383 27.626605 27.626837 27.62708 27.627333 27.627599 27.627877 27.628168 27.628474 27.628795 27.629133 27.62949 27.629865 27.630261 27.63068 27.631123 27.631593 27.632091 27.63262 27.633183 27.633782 27.634421 27.635102 27.635831 27.636611 27.637447 27.638343 27.639305 27.640339 27.641451 27.642649 27.643938 27.645328 27.646825 27.648438 27.650174 27.652043 27.65405 27.656201 27.658501 27.660951 27.663548 27.666285 27.669145 27.672105 27.675131 27.678173 27.68117 27.68404 27.686687
27.624623 27.624776 27.624935 27.6251 27.62527 27.625447 27.625631 27.625821 27.62602 27.626227 27.626442 27.626666 27.6269 27.627145 27.6274 27.627668 27.627948 27.628241 27.628549 27.628873 27.629213 27.629572 27.629949 27.630348 27.630769 27.631214 27.631685 27.632185 27.632715 27.633279 27.633878 27.634517 27.635197 27.635924 27.636701 27.637532 27.638422 27.639376 27.6404 27.641498 27.642679 27.643947 27.645309 27.646773 27.648346 27.650034 27.651844 27.65378 27.655847 27.658047 27.660379 27.662838 27.665413 27.668089 27.670839 27.673629 27.676411 27.679126 27.6817 27.684043
27.624665 27.62482 27.62498 27.625146 27.625317 27.625496 27.625681 27.625873 27.626073 27.626282 27.626498 27.626724 27.62696 27.627207 27.627464 27.627733 27.628015 27.628311 27.628621 27.628946 27.629288 27.629649 27.630028 27.630428 27.630851 27.631297 27.63177 27.63227 27.632801 27.633365 27.633964 27.634601 27.63528 27.636004 27.636776 27.637602 27.638484 27.639429 27.64044 27.641523 27.642684 27.643929 27.645263 27.646693 27.648224 27.649862 27.651611 27.653476 27.655459 27.65756 27.659776 27.6621 27.664522 27.667021 27.669574 27.672144 27.674687 27.677145 27.679451 27.681524
27.624706 27.624862 27.625023 27.62519 27.625363 27.625543 27.625729 27.625923 27.626125 27.626334 27.626553 27.62678 27.627018 27.627265 27.627524 27.627795 27.628079 27.628376 27.628688 27.629015 27.629359 27.62972 27.630101 27.630503 27.630926 27.631374 27.631847 27.632347 27.632878 27.633441 27.634039 27.634674 27.63535 27.63607 27.636837 27.637656 27.63853 27.639463 27.640461 27.641527 27.642668 27.643888 27.645192 27.646585 27.648073 27.64966 27.651349 27.653142 27.655041 27.657045 27.659148 27.661343 27.663616 27.665949 27.668315 27.670682 27.673004 27.675229 27.677293 27.679125
27.624746 27.624903 27.625065 27.625233 27.625407 27.625588 27.625776 27.625971 27.626174 27.626385 27.626604 27.626833 27.627072 27.627321 27.627582 27.627854 27.628139 27.628438 27.628751 27.629079 27.629424 27.629787 27.630169 27.630571 27.630995 27.631443 27.631916 27.632416 27.632946 27.633508 27.634104 27.634736 27.635408 27.636123 27.636884 27.637695 27.638559 27.63948 27.640463 27.641511 27.64263 27.643823 27.645096 27.646453 27.647896 27.649431 27.651059 27.652782 27.654598 27.656506 27.658499 27.660569 27.662702 27.664877 27.66707 27.669246 27.671366 27.673378 27.675226 27.676844
27.624784 27.624942 27.625105 27.625274 27.625449 27.625631 27.62582 27.626016 27.62622 27.626433 27.626653 27.626884 27.627124 27.627374 27.627636 27.627909 27.628195 27.628495 27.628809 27.629139 27.629485 27.629848 27.630231 27.630633 27.631058 27.631505 27.631978 27.632478 27.633006 27.633566 27.634159 27.634787 27.635455 27.636164 27.636918 27.637719 27.638572 27.63948 27.640447 27.641476 27.642572 27.643738 27.644978 27.646297 27.647696 27.649178 27.650745 27.652397 27.654133 27.655948 27.657835 27.659785 27.661783 27.66381 27.66584 27.667841 27.669775 27.671594 27.673247 27.674675
27.62482 27.624979 27.625143 27.625313 27.62549 27.625673 27.625863 27.62606 27.626265 27.626478 27.6267 27.626931 27.627172 27.627424 27.627687 27.627961 27.628248 27.628549 27.628864 27.629194 27.62954 27.629904 27.630287 27.63069 27.631114 27.631561 27.632033 27.632531 27.633057 27.633614 27.634204 27.634828 27.63549 27.636193 27.636938 27.63773 27.638571 27.639464 27.640414 27.641423 27.642495 27.643633 27.64484 27.64612 27.647474 27.648904 27.650411 27.651993 27.653649 27.655373 27.657159 27.658994 27.660865 27.662752 27.66463 27.666469 27.668232 27.669876 27.671354 27.672612
