layers_legit/tmean.tif
NCOLS 300
NROWS 300
XLLCORNER 108.422
YLLCORNER 2.17447
DX 0.11742
DY 0.06627
NODATA_VALUE -9999
[rows 130 to 155 of 300, columns 180 to 239 of 300]
27.602795 27.602879 27.602967 27.603059 27.603155 27.603253 27.603353 27.603455 27.603558 27.603663 27.603768 27.603875 27.603981 27.604088 27.604195 27.604302 27.604408 27.604514 27.60462 27.604725 27.604829 27.604933 27.605035 27.605137 27.605238 27.605337 27.605436 27.605534 27.60563 27.605726 27.60582 27.605913 27.606005 27.606095 27.606185 27.606273 27.60636 27.606446 27.606531 27.606615 27.606697 27.606778 27.606858 27.606937 27.607015 27.607091 27.607167 27.607241 27.607315 27.607387 27.607458 27.607528 27.607597 27.607666 27.607733 27.607799 27.607864 27.607928 27.607991 27.608054
27.602649 27.602739 27.602833 27.602931 27.603032 27.603135 27.60324 27.603347 27.603455 27.603564 27.603674 27.603784 27.603894 27.604005 27.604115 27.604226 27.604335 27.604444 27.604553 27.604661 27.604768 27.604874 27.604979 27.605083 27.605186 27.605288 27.605388 27.605488 27.605586 27.605683 27.605779 27.605874 27.605967 27.60606 27.606151 27.60624 27.606329 27.606416 27.606502 27.606586 27.60667 27.606752 27.606833 27.606913 27.606992 27.607069 27.607146 27.607221 27.607295 27.607368 27.60744 27.607511 27.607581 27.607649 27.607717 27.607784 27.60785 27.607914 27.607978 27.608041
27.602502 27.602598 27.602699 27.602802 27.602909 27.603017 27.603127 27.603239 27.603352 27.603465 27.603579 27.603694 27.603808 27.603922 27.604036 27.60415 27.604263 27.604375 27.604486 27.604597 27.604707 27.604815 27.604923 27.605029 27.605134 27.605238 27.605341 27.605443 27.605543 27.605642 27.605739 27.605836 27.605931 27.606024 27.606117 27.606208 27.606297 27.606386 27.606473 27.606559 27.606643 27.606727 27.606809 27.60689 27.606969 27.607048 27.607125 27.607201 27.607276 27.60735 27.607422 27.607494 27.607564 27.607634 27.607702 27.607769 27.607836 27.607901 27.607965 27.608029
27.602354 27.602457 27.602563 27.602673 27.602785 27.602899 27.603014 27.603131 27.603249 27.603367 27.603485 27.603603 27.603722 27.60384 27.603957 27.604074 27.60419 27.604306 27.60442 27.604534 27.604646 27.604757 27.604867 27.604976 27.605083 27.605189 27.605294 27.605398 27.6055 27.605601 27.6057 27.605798 27.605894 27.605989 27.606083 27.606176 27.606267 27.606356 27.606445 27.606532 27.606617 27.606702 27.606785 27.606866 27.606947 27.607026 27.607104 27.607181 27.607257 27.607331 27.607405 27.607477 27.607548 27.607618 27.607687 27.607755 27.607822 27.607888 27.607953 27.608016
27.602205 27.602314 27.602428 27.602543 27.602661 27.602781 27.602901 27.603023 27.603145 27.603268 27.603391 27.603513 27.603636 27.603758 27.603879 27.603999 27.604119 27.604237 27.604355 27.604471 27.604586 27.6047 27.604812 27.604923 27.605033 27.605141 27.605248 27.605353 27.605457 27.60556 27.605661 27.60576 27.605859 27.605955 27.60605 27.606144 27.606236 27.606327 27.606417 27.606505 27.606592 27.606677 27.606761 27.606844 27.606925 27.607005 27.607084 27.607162 27.607238 27.607314 27.607388 27.607461 27.607532 27.607603 27.607673 27.607741 27.607809 27.607875 27.60794 27.608005
27.602055 27.602172 27.602291 27.602413 27.602537 27.602662 27.602788 27.602915 27.603042 27.60317 27.603297 27.603424 27.60355 27.603676 27.603801 27.603925 27.604047 27.604169 27.604289 27.604409 27.604526 27.604643 27.604758 27.604871 27.604983 27.605093 27.605202 27.60531 27.605416 27.60552 27.605623 27.605724 27.605823 27.605921 27.606018 27.606113 27.606207 27.606299 27.606389 27.606479 27.606567 27.606653 27.606738 27.606822 27.606904 27.606985 27.607065 27.607143 27.60722 27.607296 27.607371 27.607445 27.607517 27.607588 27.607659 27.607728 27.607796 27.607862 27.607928 27.607993
27.601904 27.602028 27.602155 27.602283 27.602413 27.602544 27.602675 27.602807 27.60294 27.603072 27.603204 27.603335 27.603465 27.603595 27.603723 27.603851 27.603977 27.604101 27.604225 27.604347 27.604467 27.604586 27.604704 27.60482 27.604934 27.605046 27.605157 27.605267 27.605374 27.60548 27.605585 27.605687 27.605789 27.605888 27.605986 27.606083 27.606178 27.606271 27.606363 27.606453 27.606542 27.606629 27.606715 27.6068 27.606883 27.606965 27.607046 27.607125 27.607203 27.60728 27.607355 27.607429 27.607502 27.607574 27.607645 27.607715 27.607783 27.60785 27.607917 27.607982
27.601753 27.601884 27.602018 27.602152 27.602288 27.602425 27.602563 27.6027 27.602837 27.602974 27.60311 27.603246 27.60338 27.603514 27.603646 27.603777 27.603907 27.604035 27.604161 27.604286 27.604409 27.604531 27.604651 27.604769 27.604885 27.605 27.605113 27.605224 27.605334 27.605441 27.605548 27.605652 27.605755 27.605856 27.605955 27.606053 27.606149 27.606243 27.606336 27.606428 27.606518 27.606606 27.606693 27.606779 27.606863 27.606946 27.607027 27.607107 27.607186 27.607263 27.607339 27.607414 27.607488 27.60756 27.607632 27.607702 27.607771 27.607839 27.607906 27.607971
27.601602 27.60174 27.60188 27.602022 27.602164 27.602307 27.60245 27.602593 27.602735 27.602877 27.603018 27.603158 27.603296 27.603434 27.60357 27.603704 27.603837 27.603968 27.604098 27.604226 27.604352 27.604476 27.604598 27.604719 27.604837 27.604954 27.605069 27.605182 27.605294 27.605403 27.605511 27.605617 27.605721 27.605824 27.605924 27.606024 27.606121 27.606217 27.606311 27.606403 27.606494 27.606584 27.606672 27.606758 27.606843 27.606927 27.607009 27.60709 27.607169 27.607247 27.607324 27.6074 27.607474 27.607547 27.607619 27.60769 27.607759 27.607827 27.607895 27.607961
27.60145 27.601596 27.601743 27.601891 27.60204 27.602189 27.602338 27.602486 27.602634 27.60278 27.602926 27.60307 27.603213 27.603354 27.603494 27.603632 27.603768 27.603903 27.604035 27.604166 27.604295 27.604422 27.604546 27.604669 27.60479 27.604909 27.605026 27.605141 27.605254 27.605366 27.605475 27.605583 27.605688 27.605792 27.605894 27.605995 27.606093 27.60619 27.606286 27.606379 27.606471 27.606562 27.606651 27.606738 27.606824 27.606908 27.606991 27.607073 27.607153 27.607232 27.607309 27.607385 27.60746 27.607534 27.607606 27.607678 27.607748 27.607817 27.607884 27.607951
27.601298 27.601452 27.601606 27.601761 27.601917 27.602072 27.602226 27.60238 27.602533 27.602684 27.602835 27.602983 27.60313 27.603276 27.603419 27.603561 27.6037 27.603838 27.603974 27.604107 27.604239 27.604368 27.604495 27.604621 27.604744 27.604865 27.604984 27.605101 27.605216 27.605329 27.60544 27.605549 27.605656 27.605762 27.605865 27.605967 27.606067 27.606165 27.606261 27.606356 27.606449 27.60654 27.60663 27.606718 27.606805 27.60689 27.606974 27.607056 27.607137 27.607217 27.607295 27.607372 27.607447 27.607521 27.607594 27.607666 27.607737 27.607806 27.607874 27.607941
27.601146 27.601307 27.601469 27.601631 27.601793 27.601955 27.602115 27.602274 27.602433 27.602589 27.602744 27.602897 27.603049 27.603198 27.603345 27.60349 27.603633 27.603774 27.603913 27.604049 27.604183 27.604315 27.604445 27.604573 27.604698 27.604821 27.604942 27.605061 27.605178 27.605293 27.605406 27.605516 27.605625 27.605732 27.605837 27.605939 27.606041 27.60614 27.606237 27.606333 27.606427 27.60652 27.60661 27.606699 27.606787 27.606873 27.606957 27.607041 27.607122 27.607202 27.607281 27.607358 27.607434 27.607509 27.607583 27.607655 27.607726 27.607796 27.607865 27.607932
27.600994 27.601163 27.601333 27.601502 27.601671 27.601838 27.602005 27.60217 27.602333 27.602495 27.602654 27.602812 27.602967 27.603121 27.603272 27.603421 27.603567 27.603711 27.603853 27.603992 27.604129 27.604264 27.604396 27.604526 27.604653 27.604779 27.604902 27.605022 27.605141 27.605258 27.605372 27.605484 27.605594 27.605702 27.605809 27.605913 27.606015 27.606116 27.606214 27.606311 27.606406 27.606499 27.606591 27.606681 27.606769 27.606856 27.606941 27.607025 27.607107 27.607188 27.607268 27.607346 27.607422 27.607498 27.607572 27.607644 27.607716 27.607786 27.607855 27.607923
27.600842 27.60102 27.601197 27.601373 27.601548 27.601722 27.601895 27.602066 27.602234 27.602401 27.602566 27.602728 27.602887 27.603045 27.6032 27.603352 27.603502 27.603649 27.603794 27.603936 27.604076 27.604213 27.604347 27.60448 27.604609 27.604737 27.604862 27.604984 27.605105 27.605223 27.605339 27.605453 27.605564 27.605674 27.605781 27.605887 27.60599 27.606092 27.606192 27.606289 27.606385 27.60648 27.606572 27.606663 27.606752 27.60684 27.606926 27.60701 27.607093 27.607175 27.607255 27.607333 27.607411 27.607486 27.607561 27.607634 27.607706 27.607777 27.607847 27.607915
27.600691 27.600876 27.601061 27.601245 27.601427 27.601608 27.601786 27.601963 27.602137 27.602308 27.602478 27.602644 27.602808 27.60297 27.603128 27.603284 27.603437 27.603588 27.603736 27.603881 27.604023 27.604163 27.6043 27.604434 27.604566 27.604696 27.604823 27.604947 27.605069 27.605189 27.605307 27.605422 27.605535 27.605646 27.605755 27.605862 27.605966 27.606069 27.60617 27.606268 27.606365 27.606461 27.606554 27.606646 27.606736 27.606824 27.606911 27.606996 27.60708 27.607162 27.607242 27.607321 27.607399 27.607476 27.607551 27.607624 27.607697 27.607768 27.607838 27.607907
27.60054 27.600734 27.600927 27.601118 27.601307 27.601494 27.601678 27.601861 27.60204 27.602217 27.602391 27.602562 27.60273 27.602896 27.603058 27.603218 27.603374 27.603528 27.603679 27.603827 27.603972 27.604114 27.604253 27.60439 27.604524 27.604656 27.604785 27.604911 27.605035 27.605156 27.605276 27.605392 27.605507 27.605619 27.605729 27.605837 27.605943 27.606047 27.606148 27.606248 27.606346 27.606442 27.606537 27.606629 27.60672 27.606809 27.606896 27.606982 27.607066 27.607149 27.60723 27.60731 27.607388 27.607465 27.607541 27.607615 27.607688 27.60776 27.60783 27.607899
27.60039 27.600592 27.600793 27.600991 27.601187 27.601381 27.601572 27.60176 27.601945 27.602127 27.602305 27.602481 27.602654 27.602823 27.602989 27.603152 27.603312 27.603469 27.603623 27.603773 27.603921 27.604066 27.604208 27.604347 27.604483 27.604617 27.604748 27.604876 27.605001 27.605124 27.605245 27.605363 27.605479 27.605593 27.605704 27.605813 27.60592 27.606025 27.606128 27.606229 27.606328 27.606425 27.60652 27.606613 27.606705 27.606794 27.606882 27.606969 27.607054 27.607137 27.607219 27.607299 27.607378 27.607456 27.607532 27.607606 27.60768 27.607752 27.607823 27.607892
27.600241 27.600452 27.60066 27.600866 27.601069 27.601269 27.601466 27.60166 27.601851 27.602038 27.602221 27.602401 27.602578 27.602751 27.602921 27.603088 27.603251 27.603411 27.603568 27.603722 27.603872 27.604019 27.604163 27.604305 27.604443 27.604579 27.604711 27.604841 27.604969 27.605093 27.605216 27.605335 27.605452 27.605567 27.60568 27.60579 27.605898 27.606004 27.606108 27.60621 27.60631 27.606407 27.606503 27.606598 27.60669 27.60678 27.606869 27.606956 27.607042 27.607126 27.607208 27.607289 27.607368 27.607446 27.607523 27.607598 27.607672 27.607744 27.607815 27.607885
27.600093 27.600312 27.600529 27.600742 27.600953 27.601159 27.601362 27.601562 27.601758 27.60195 27.602138 27.602323 27.602504 27.602681 27.602855 27.603025 27.603192 27.603355 27.603514 27.603671 27.603824 27.603974 27.60412 27.604264 27.604404 27.604542 27.604676 27.604808 27.604937 27.605063 27.605187 27.605308 27.605427 27.605543 27.605656 27.605768 27.605877 27.605984 27.606089 27.606192 27.606292 27.606391 27.606488 27.606583 27.606676 27.606767 27.606856 27.606944 27.60703 27.607115 27.607198 27.607279 27.607359 27.607437 27.607514 27.60759 27.607664 27.607737 27.607809 27.607879
27.599946 27.600174 27.600399 27.60062 27.600837 27.601051 27.60126 27.601465 27.601666 27.601864 27.602057 27.602246 27.602431 27.602612 27.60279 27.602964 27.603133 27.6033 27.603462 27.603621 27.603777 27.603929 27.604078 27.604224 27.604366 27.604506 27.604642 27.604775 27.604906 27.605034 27.605159 27.605282 27.605402 27.605519 27.605634 27.605747 27.605857 27.605965 27.606071 27.606174 27.606276 27.606375 27.606473 27.606569 27.606662 27.606754 27.606844 27.606933 27.607019 27.607105 27.607188 27.60727 27.60735 27.607429 27.607507 27.607583 27.607657 27.60773 27.607802 27.607873
27.599801 27.600038 27.600271 27.600499 27.600724 27.600944 27.601159 27.60137 27.601577 27.601779 27.601977 27.602171 27.60236 27.602545 27.602726 27.602903 27.603076 27.603246 27.603411 27.603573 27.603731 27.603886 27.604037 27.604185 27.604329 27.604471 27.604609 27.604744 27.604876 27.605006 27.605132 27.605256 27.605377 27.605496 27.605612 27.605726 27.605837 27.605946 27.606053 27.606158 27.60626 27.60636 27.606459 27.606555 27.60665 27.606742 27.606833 27.606922 27.607009 27.607095 27.607179 27.607261 27.607342 27.607421 27.607499 27.607576 27.607651 27.607724 27.607797 27.607868
27.599658 27.599904 27.600144 27.600381 27.600612 27.600838 27.60106 27.601277 27.601489 27.601696 27.601899 27.602097 27.60229 27.602479 27.602664 27.602845 27.603021 27.603193 27.603362 27.603526 27.603687 27.603844 27.603997 27.604147 27.604294 27.604437 27.604577 27.604714 27.604848 27.604979 27.605107 27.605232 27.605354 27.605474 27.605591 27.605706 27.605819 27.605929 27.606036 27.606142 27.606245 27.606346 27.606445 27.606542 27.606637 27.606731 27.606822 27.606912 27.606999 27.607086 27.60717 27.607253 27.607334 27.607414 27.607492 27.607569 27.607644 27.607718 27.607791 27.607862
27.599517 27.599771 27.60002 27.600264 27.600502 27.600735 27.600963 27.601185 27.601403 27.601615 27.601822 27.602025 27.602222 27.602415 27.602604 27.602788 27.602967 27.603142 27.603313 27.603481 27.603644 27.603803 27.603959 27.604111 27.604259 27.604404 27.604546 27.604685 27.60482 27.604952 27.605082 27.605208 27.605332 27.605453 27.605571 27.605687 27.605801 27.605912 27.60602 27.606127 27.606231 27.606333 27.606432 27.60653 27.606626 27.60672 27.606812 27.606902 27.60699 27.607077 27.607162 27.607245 27.607327 27.607407 27.607486 27.607563 27.607639 27.607713 27.607786 27.607858
27.599377 27.59964 27.599898 27.600149 27.600394 27.600634 27.600868 27.601096 27.601319 27.601536 27.601748 27.601954 27.602156 27.602353 27.602545 27.602732 27.602915 27.603093 27.603267 27.603436 27.603602 27.603764 27.603921 27.604076 27.604226 27.604373 27.604516 27.604656 27.604793 27.604927 27.605058 27.605186 27.605311 27.605433 27.605552 27.605669 27.605784 27.605896 27.606005 27.606112 27.606217 27.60632 27.60642 27.606519 27.606615 27.60671 27.606802 27.606893 27.606982 27.607069 27.607154 27.607238 27.60732 27.607401 27.60748 27.607558 27.607634 27.607708 27.607782 27.607854
27.599241 27.599512 27.599778 27.600036 27.600289 27.600535 27.600775 27.601008 27.601236 27.601459 27.601675 27.601886 27.602092 27.602292 27.602488 27.602678 27.602864 27.603045 27.603222 27.603394 27.603562 27.603726 27.603886 27.604042 27.604194 27.604343 27.604488 27.60463 27.604768 27.604903 27.605035 27.605164 27.605291 27.605414 27.605534 27.605652 27.605768 27.60588 27.605991 27.606099 27.606204 27.606308 27.606409 27.606508 27.606605 27.6067 27.606793 27.606885 27.606974 27.607062 27.607147 27.607232 27.607314 27.607395 27.607475 27.607553 27.607629 27.607704 27.607778 27.60785
27.599106 27.599387 27.59966 27.599926 27.600186 27.600438 27.600684 27.600923 27.601156 27.601383 27.601605 27.60182 27.602029 27.602234 27.602432 27.602626 27.602815 27.602999 27.603178 27.603353 27.603523 27.603689 27.603851 27.604009 27.604163 27.604314 27.604461 27.604604 27.604744 27.60488 27.605014 27.605144 27.605271 27.605396 27.605517 27.605636 27.605752 27.605866 27.605977 27.606086 27.606192 27.606296 27.606398 27.606498 27.606596 27.606691 27.606785 27.606877 27.606967 27.607055 27.607141 27.607226 27.607309 27.60739 27.60747 27.607548 27.607625 27.6077 27.607774 27.607847
